9.8 20040 895.321
663 18880 869.022
666.1 17720 841.903
668.5 16840 820.731
672.5 16680 816.823
674.9 15520 787.909
678.8 15680 791.96
682 13360 731.027
684.4 12760 714.423
688.3 12320 701.997
690.7 11480 677.643
693.9 11880 689.348
697 10160 637.495
700.9 10240 640
704.1 10160 637.495
706.5 10040 633.719
709.6 11200 669.328
712.7 12320 701.997
716.7 11360 674.092
719 12480 706.541
722.1 14880 771.492
725.3 15840 795.99
728.4 14760 768.375
730.7 16000 800
733.9 18240 854.166
737.8 19480 882.723
740.1 21280 922.605
744 23520 969.948
747.1 26520 1029.95
751 27800 1054.51
754.1 32800 1145.43
756.4 32480 1139.82
759.5 38680 1243.86
762.6 40800 1277.5
766.5 42560 1304.76
768.9 43880 1324.84
772 49600 1408.55
775.8 53080 1457.12
778.1 57280 1513.67
782 55720 1492.92
784.3 58440 1528.92
788.2 59800 1546.61
790.5 58320 1527.35
793.6 61880 1573.28
797.5 59480 1542.47
800.6 59280 1539.87
803.6 55800 1493.99
806 55160 1485.4
809.8 51560 1436.11
812.9 46440 1362.94
816 44320 1331.47
819.1 38640 1243.22
822.1 33120 1151
825.2 29480 1085.91
828.3 26240 1024.5
831.4 22920 957.497
834.4 20920 914.768
837.5 17720 841.903
840.6 16960 823.65
843.7 17080 826.559
846.7 15000 774.597
849.8 16160 803.99
852.9 15040 775.629
855.2 16400 809.938
859 15800 794.984
862.1 15800 794.984
865.2 16480 811.911
869 16600 814.862
871.3 17160 828.493
875.1 18880 869.022
877.4 18800 867.179
881.3 20440 904.212
884.3 21520 927.793
886.7 19200 876.356
890.5 23960 978.979
893.6 24200 983.87
896.6 23160 962.497
898.9 25160 1003.19
902.8 24840 996.795
905.8 25960 1019.02
908.9 26400 1027.62
912 27280 1044.61
915 28120 1060.57
918.9 29920 1093.98
921.2 30520 1104.9
925 30920 1112.12
927.3 30440 1103.45
931.1 31640 1124.99
933.4 34480 1174.39
937.3 35640 1193.98
940.3 37240 1220.49
942.7 37120 1218.52
945.7 36880 1214.58
948.8 37520 1225.07
952.6 36600 1209.96
955.7 36040 1200.67
958.8 38160 1235.48
961.9 39080 1250.28
964.9 37600 1226.38
968 37600 1226.38
970.3 38000 1232.88
974.2 38120 1234.83
977.2 38040 1233.53
980.3 36680 1211.28
983.4 39560 1257.93
986.5 40160 1267.44
990.3 42200 1299.23
992.6 42320 1301.08
995.7 46560 1364.7
999.6 45720 1352.33
1001.9 47760 1382.17
1005.7 51840 1440
1008.8 48760 1396.57
1011.9 49720 1410.25
1014.2 53000 1456.02
1018.1 51600 1436.66
1021.2 54240 1472.96
1024.3 55080 1484.32
1027.3 54000 1469.69
1030.4 55600 1491.31
1033.5 54600 1477.84
1035.9 54760 1480
1039.7 53120 1457.67
1042 51520 1435.55
1045.9 51320 1432.76
1049 48840 1397.71
1051.3 47720 1381.59
1055.2 47280 1375.21
1058.3 46720 1367.04
1061.4 41200 1283.74
1064.5 42880 1309.66
1067.7 39320 1254.11
1070.8 38640 1243.22
1073.9 35560 1192.64
1077 35280 1187.94
1080.1 35080 1184.57
1083.2 32960 1148.22
1085.6 32520 1140.53
1089.5 30360 1102
1092.6 29440 1085.17
1094.9 29320 1082.96
1098 29160 1080
1101.2 28840 1074.06
1105.1 28920 1075.55
1107.4 29760 1091.05
1110.6 27760 1053.76
1113.7 27680 1052.24
1116.8 29520 1086.65
1120 29440 1085.17
1123.1 29280 1082.22
1127 30280 1100.55
1129.4 31840 1128.54
1133.3 30560 1105.62
1135.7 32320 1137.01
1138.8 31360 1120
1142 31040 1114.27
1144.3 33120 1151
1148.3 36240 1203.99
1150.6 32960 1148.22
1153.8 33640 1160
1157 36200 1203.33
1160.1 41200 1283.74
1163.3 38000 1232.88
1166.4 37920 1231.58
1169.6 39640 1259.21
1172.8 42200 1299.23
1176 42760 1307.82
1179.1 43920 1325.44
1181.5 44760 1338.06
1185.5 44320 1331.47
1187.9 46480 1363.52
1191.1 45080 1342.83
1194.2 46520 1364.11
1197.4 47040 1371.71
1200.6 45400 1347.59
1203.8 43280 1315.75
1206.2 45920 1355.29
1209.4 45440 1348.18
1212.6 44080 1327.86
1215.8 41360 1286.23
1219.8 42400 1302.31
1222.2 40360 1270.59
1225.4 38440 1240
1227.8 39760 1261.11
1231.8 37280 1221.15
1235.1 37440 1223.76
1238.3 35480 1191.3
1240.7 32440 1139.12
1243.9 32000 1131.37
1247.1 31800 1127.83
1250.4 29480 1085.91
1252.8 31320 1119.29
1256 29840 1092.52
1259.3 28480 1067.33
1262.5 27600 1050.71
1265.8 26920 1037.69
1269 24720 994.384
1272.2 24080 981.428
1275.5 22720 953.31
1278.8 22880 956.661
1282 22240 943.186
1285.3 20480 905.097
1287.7 21200 920.869
1291 18560 861.626
1294.2 20160 897.998
1297.5 19000 871.78
1300 19920 892.637
1303.2 19080 873.613
1306.5 18480 859.767
1309.8 18480 859.767
1313.1 17560 838.093
1315.6 17760 842.852
1318.9 16880 821.706
1322.1 17360 833.307
1325.4 16160 803.99
1328.7 14640 765.245
1331.2 14840 770.454
1335.4 14280 755.778
1337.8 14000 748.331
1340.3 14000 748.331
1343.6 14120 751.532
1346.1 14480 761.052
1350.3 13480 734.302
1352.8 13120 724.431
1356.1 12560 708.802
1358.6 12960 720
1362.8 12040 693.974
1365.3 12400 704.273
1368.6 10720 654.828
1371.9 12880 717.774
1374.4 11560 680
1377.8 10600 651.153
1381.1 11280 671.714
1384.5 9640 620.967
1387 9320 610.574
1390.4 9800 626.099
1392.9 8840 594.643
1396.3 10040 633.719
1399.7 8720 590.593
1402.2 7520 548.452
1405.6 8280 575.5
1408.1 7040 530.66
1411.5 8360 578.273
1414.9 7080 532.165
1418.3 7040 530.66
1421.7 6680 516.914
1423.4 6320 502.792
1427.6 7040 530.66
1430.2 7200 536.656
1433.6 6560 512.25
1436.1 5520 469.894
1439.5 5920 486.621
1443 6280 501.199
1445.5 5400 464.758
1449.8 5920 486.621
1452.4 5880 484.974
1455.8 6480 509.117
1458.4 6240 499.6
1461.8 5760 480
1465.3 5800 481.664
1467.9 6080 493.153
1471.3 5960 488.262
1473.9 5320 461.303
1477.4 5760 480
1480.8 5760 480
1483.4 5400 464.758
1486 5960 488.262
1489.5 6600 513.809
1493 5640 474.974
1495.6 6640 515.364
1499.1 6240 499.6
1501.7 5280 459.565
1504.3 6960 527.636
1507.8 5440 466.476
1510.4 5680 476.655
1514.8 5520 469.894
1517.4 5880 484.974
1521 5840 483.322
1522.7 6160 496.387
1526.2 5720 478.33
1529.8 5200 456.07
1533.3 5360 463.033
1535.9 5320 461.303
1539.5 5560 471.593
1543 5760 480
1545.7 5560 471.593
1548.3 4880 441.814
1551.9 5480 468.188
1554.5 4440 421.426
1558.1 5080 450.777
1560.7 5520 469.894
1564.3 4840 440
1567 4880 441.814
1569.7 3880 393.954
1573.2 3960 397.995
1575.9 3440 370.945
1579.5 4040 401.995
1582.2 4680 432.666
1584.9 4240 411.825
1589.4 4080 403.98
1592.1 4040 401.995
1594.8 3840 391.918
1599.3 3920 395.98
1602 4920 443.621
1604.7 4240 411.825
1607.4 3800 389.872
1611.1 3800 389.872
1614.7 4000 400
1617.4 3600 379.473
1620.2 4160 407.922
1623.8 3920 395.98
1626.5 3560 377.359
1629.3 3240 360
1632.9 3760 387.814
1636.6 4400 419.524
1639.3 3920 395.98
1642.1 3360 366.606
1645.8 3840 391.918
1647.6 4440 421.426
1652.2 4280 413.763
1655 3880 393.954
1657.7 5040 448.999
1662.3 4040 401.995
1664.2 4240 411.825
1667.9 3880 393.954
1670.7 3800 389.872
1674.4 4000 400
1678.1 4800 438.178
1680 4640 430.813
1683.7 4360 417.612
1686.5 4560 427.083
1689.3 4360 417.612
1692.1 4200 409.878
1695.8 3720 385.746
1698.6 4720 434.511
1701.4 4880 441.814
1705.2 5000 447.214
1709 4520 425.206
1711.8 4920 443.621
1714.6 4960 445.421
1718.4 4960 445.421
1720.3 4240 411.825
1724 3960 397.995
1726.9 4080 403.98
1729.7 5000 447.214
1733.5 5040 448.999
1736.4 4800 438.178
1741.1 5240 457.821
1743 5640 474.974
1746.8 3760 387.814
1749.7 4400 419.524
1752.6 5120 452.548
1756.4 4240 411.825
1758.3 4920 443.621
1762.2 4240 411.825
1766 4920 443.621
1768.9 4360 417.612
1772.7 4640 430.813
1774.7 5400 464.758
1778.5 4320 415.692
1781.4 5120 452.548
1785.3 4720 434.511
1787.2 4520 425.206
1790.1 5080 450.777
1794 5040 448.999
1797.9 4200 409.878
1800.8 4560 427.083
1803.8 4160 407.922
1806.7 4160 407.922
1809.6 4160 407.922
1813.5 4600 428.952
1816.5 4080 403.98
1820.4 4360 417.612
1822.4 4840 440
1826.3 4240 411.825
1828.3 3760 387.814
1832.2 4440 421.426
1835.2 4720 434.511
1838.1 4640 430.813
1842.1 4880 441.814
1845.1 4160 407.922
1848.1 4200 409.878
1852 4240 411.825
1855 5920 486.621
1859 4240 411.825
1860 5480 468.188
1864 4720 434.511
1868 4800 438.178
1871 4080 403.98
1874 4040 401.995
1877 4160 407.922
1880 5360 463.033
1883.1 4920 443.621
1887.1 5360 463.033
1890.1 5320 461.303
1894.2 4640 430.813
1896.2 4560 427.083
1900.2 4640 430.813
1903.3 6080 493.153
1906.3 4840 440
1909.4 4920 443.621
1911.4 5160 454.313
1915.5 5040 448.999
1919.6 5760 480
1921.6 5280 459.565
1925.7 4640 430.813
1927.8 5640 474.974
1931.9 5560 471.593
1933.9 5360 463.033
1938.1 4440 421.426
1941.2 5200 456.07
1944.3 5000 447.214
1947.4 5480 468.188
1950.5 5480 468.188
1952.5 5240 457.821
1956.7 5880 484.974
1959.8 5160 454.313
1964 4440 421.426
1966.1 5040 448.999
1970.2 5720 478.33
1973.4 5080 450.777
1976.5 5840 483.322
1978.6 6760 520
1981.7 5440 466.476
1987 5800 481.664
1989.1 5520 469.894
1992.3 5680 476.655
1996.5 5640 474.974
1999.7 6320 502.792
 1493.29
635.106 1579.11
638.215 1649.2
641.325 1654.7
644.434 1653.85
647.544 1646.26
650.653 1559.45
653.763 1442.94
656.873 1345.52
659.983 1221.56
663.093 1178.58
666.203 1121.11
669.314 1060.53
672.424 990.372
675.535 901.878
678.645 870.612
681.756 807.554
684.867 748.247
687.978 709.193
691.089 672.17
694.2 652.323
697.311 712.868
700.422 734.514
703.533 751.894
706.645 819.954
709.756 955.015
712.868 1056.21
715.979 1092.44
719.091 1155.52
722.202 1219.88
725.314 1294.37
728.426 1392.91
731.538 1552.49
734.649 1658.36
737.761 1917.86
740.873 2101.89
743.985 2341.09
747.097 2592.44
750.209 2869.71
753.32 3045.64
756.432 3231.62
759.544 3431.99
762.656 3769.73
765.768 4029.7
768.88 4242.98
771.992 4486.8
775.104 4529.7
778.216 4668.73
781.328 4682.86
784.44 4679.02
787.552 4571.11
790.664 4510.32
793.776 4424.71
796.887 4210
799.999 3933.51
803.111 3646.28
806.223 3256.83
809.334 2810.22
812.446 2422.23
815.558 2002.04
818.669 1684.64
821.781 1378.49
824.893 1160.07
828.004 1045.91
831.116 941.919
834.227 955.917
837.338 931.206
840.45 963.264
843.561 1023.33
846.672 1071.26
849.783 1118.28
852.894 1155.18
856.005 1150.65
859.116 1208.19
862.227 1253.56
865.338 1298.26
868.449 1449.18
871.559 1445.06
874.67 1526.11
877.78 1638.24
880.891 1691.87
884.001 1772.16
887.112 1814.13
890.222 1861.8
893.332 1907.25
896.442 1935.75
899.552 1963.88
902.662 2014.46
905.772 2069.35
908.881 2217.08
911.991 2278.69
915.1 2273.33
918.21 2327.37
921.319 2381.58
924.429 2503.07
927.538 2634.05
930.647 2737.31
933.756 2842.06
936.865 2910.12
939.973 2859.7
943.082 2789.54
946.191 2769.96
949.299 2766.64
952.408 2781.44
955.516 2798.03
958.624 2826.44
961.732 2857.62
964.84 2792.7
967.948 2766.6
971.056 2733.71
974.164 2789.94
977.271 2847.51
980.379 3024.11
983.486 3162.15
986.593 3271.12
989.701 3525.41
992.808 3691.2
995.915 3733.32
999.021 3814.2
1002.13 3848
1005.23 3876.61
1008.34 3962.24
1011.45 3988.16
1014.55 4083.6
1017.66 4109.08
1020.77 4175.14
1023.87 4215.43
1026.98 4105.8
1030.08 4034.61
1033.19 3934.75
1036.3 3760.12
1039.4 3625.54
1042.51 3586.28
1045.61 3401.25
1048.72 3315.48
1051.82 3169.69
1054.93 3066.77
1058.03 2891.12
1061.14 2709.86
1064.24 2601.55
1067.35 2476.59
1070.45 2421.9
1073.55 2371
1076.66 2290.1
1079.76 2170.97
1082.87 2132.69
1085.97 2062.03
1089.08 2018.23
1092.18 2037.31
1095.28 2070.69
1098.39 2058.08
1101.49 2062.21
1104.59 2092.57
1107.7 2086.15
1110.8 2084.47
1113.9 2164.58
1117.01 2204.42
1120.11 2288.28
1123.21 2361.87
1126.32 2361.99
1129.42 2296.83
1132.52 2398.99
1135.62 2473.47
1138.73 2467.76
1141.83 2418.68
1144.93 2587.69
1148.03 2751.76
1151.14 2824.78
1154.24 2870.78
1157.34 2922.8
1160.44 2989.27
1163.54 3097.23
1166.65 3226.68
1169.75 3229.46
1172.85 3326.28
1175.95 3401.48
1179.05 3479.09
1182.16 3494.71
1185.26 3520.77
1188.36 3440.59
1191.46 3401.82
1194.56 3380.54
1197.66 3392.02
1200.76 3307.03
1203.87 3244.93
1206.97 3201.06
1210.07 3051.48
1213.17 2993.65
1216.27 2890.31
1219.37 2801.9
1222.47 2751.51
1225.58 2691.81
1228.68 2572.88
1231.78 2472.55
1234.88 2290.16
1237.98 2215.75
1241.08 2155.25
1244.18 2114.64
1247.28 2108.4
1250.38 2098.32
1253.49 2061.3
1256.59 1977.28
1259.69 1831.47
1262.79 1721.3
1265.89 1653.98
1268.99 1547.48
1272.09 1556.75
1275.19 1472.43
1278.3 1437.31
1281.4 1388.84
1284.5 1382.57
1287.6 1373.77
1290.7 1368.02
1293.8 1373.71
1296.91 1367.82
1300.01 1359.32
1303.11 1306.84
1306.21 1294.63
1309.31 1262.67
1312.41 1223.98
1315.52 1165.51
1318.62 1120.28
1321.72 1055.99
1324.82 1000.98
1327.92 964.44
1331.03 969.952
1334.13 991.075
1337.23 1006.23
1340.33 1002.23
1343.44 989.906
1346.54 942.467
1349.64 939.951
1352.75 857.072
1355.85 842.845
1358.95 852.13
1362.06 833.708
1365.16 852.626
1368.26 828.24
1371.37 773.461
1374.47 739.424
1377.58 677.996
1380.68 659.522
1383.78 665.719
1386.89 619.696
1389.99 638.432
1393.1 578.006
1396.2 566.39
1399.31 553.988
1402.41 521.588
1405.52 503.857
1408.63 475.859
1411.73 455.585
1414.84 481.702
1417.94 494.317
1421.05 471.15
1424.16 453
1427.26 446.123
1430.37 436.425
1433.48 408.965
1436.59 385.318
1439.7 385.909
1442.8 409.154
1445.91 437.517
1449.02 446.971
1452.13 445.134
1455.24 445.366
1458.35 433.135
1461.46 419.858
1464.57 405.263
1467.68 390.172
1470.79 375.974
1473.9 410.557
1477.01 407.815
1480.12 425.729
1483.24 464.538
1486.35 446.026
1489.46 470.207
1492.57 458.975
1495.69 449.976
1498.8 421.851
1501.91 400.57
1505.03 392.274
1508.14 406.68
1511.26 416.344
1514.37 425.091
1517.49 414.347
1520.6 393.158
1523.72 394.256
1526.84 378.333
1529.95 391.293
1533.07 378.346
1536.19 397.945
1539.31 382.915
1542.43 364.47
1545.55 362.619
1548.67 351.818
1551.79 365.125
1554.91 354.056
1558.03 346.213
1561.15 309.995
1564.27 264.491
1567.39 249.201
1570.52 256.511
1573.64 257.455
1576.76 283.219
1579.89 300.963
1583.01 284.151
1586.14 300.79
1589.27 307.184
1592.39 305.71
1595.52 289.697
1598.65 296.412
1601.77 285.429
1604.9 276.287
1608.03 275.063
1611.16 273.099
1614.29 251.65
1617.42 234.688
1620.56 257.3
1623.69 273.279
1626.82 265.771
1629.95 254.507
1633.09 264.792
1636.22 283.932
1639.36 281.035
1642.49 307.592
1645.63 312.626
1648.77 320.629
1651.9 327.383
1655.04 319.132
1658.18 280.95
1661.32 266.51
1664.46 281.928
1667.6 297.17
1670.75 312.822
1673.89 327.186
1677.03 352.719
1680.18 318.519
1683.32 301.014
1686.47 289.027
1689.61 302.811
1692.76 312.897
1695.91 335.709
1699.06 350.914
1702.2 374.462
1705.35 382.891
1708.51 360.603
1711.66 310.635
1714.81 282.585
1717.96 294.942
1721.12 301.151
1724.27 313.178
1727.43 371.533
1730.59 386.091
1733.74 369.977
1736.9 372.391
1740.06 335.119
1743.22 323.301
1746.38 300.837
1749.54 315.183
1752.71 315.018
1755.87 305.264
1759.04 342.836
1762.2 342.708
1765.37 335.514
1768.54 351.325
1771.7 348.763
1774.87 340.376
1778.04 362.5
1781.22 347.819
1784.39 348.774
1787.56 330.073
1790.74 317.375
1793.91 299.76
1797.09 289.558
1800.27 288.204
1803.45 275.205
1806.63 294.341
1809.81 324.88
1812.99 317.316
1816.17 300.606
1819.36 304.393
1822.54 300.969
1825.73 322.505
1828.91 331.204
1832.1 333.702
1835.29 293.135
1838.48 330.694
1841.68 326.876
1844.87 341.209
1848.06 347.113
1851.26 374.439
1854.46 377.277
1857.65 357.426
1860.85 308.886
1864.05 288.01
1867.26 279.653
1870.46 299.947
1873.66 357.164
1876.87 372.759
1880.08 394.165
1883.28 358.082
1886.49 373.679
1889.7 364.052
1892.92 351.299
1896.13 352.747
1899.35 354.184
1902.56 368.999
1905.78 398.65
1909 381.413
1912.22 368.481
1915.44 371.674
1918.66 397.677
1921.89 395.721
1925.11 374.287
1928.34 353.627
1931.57 349.259
1934.8 358.364
1938.03 362.186
1941.26 380.811
1944.5 402.909
1947.74 404.076
1950.97 379.125
1954.21 375.232
1957.45 346.569
1960.7 335.781
1963.94 378.992
1967.18 409.665
1970.43 437.377
1973.68 446.583
1976.93 452.107
1980.18 419.821
1983.44 398.607
1986.69 420.93
1989.95 414.929
1993.21 411.369
1996.47 444.764
1999.73 465.295
2002.99 476.884
2006.26 474.091
2009.52 465.705
2012.79 482.358
2016.06 449.357
