-1.306500e+001  -4.998300e-003  
-1.296360e+001  -4.343250e-003  
-1.286230e+001  -5.379690e-003  
-1.276090e+001  -4.500680e-003  
-1.265960e+001  -5.782100e-003  
-1.255830e+001  -4.691640e-003  
-1.245690e+001  -6.204340e-003  
-1.235560e+001  -4.927970e-003  
-1.225430e+001  -6.645910e-003  
-1.215290e+001  -5.218350e-003  
-1.205160e+001  -7.105650e-003  
-1.195020e+001  -5.574050e-003  
-1.184890e+001  -7.585260e-003  
-1.174760e+001  -6.008040e-003  
-1.164620e+001  -8.087250e-003  
-1.154490e+001  -6.533600e-003  
-1.144360e+001  -8.614220e-003  
-1.134220e+001  -7.166220e-003  
-1.124090e+001  -9.176770e-003  
-1.113950e+001  -7.923400e-003  
-1.103820e+001  -9.784540e-003  
-1.093690e+001  -8.828270e-003  
-1.083550e+001  -1.045320e-002  
-1.073420e+001  -9.899580e-003  
-1.063280e+001  -1.120480e-002  
-1.053150e+001  -1.116870e-002  
-1.043020e+001  -1.206430e-002  
-1.032880e+001  -1.267200e-002  
-1.022750e+001  -1.308300e-002  
-1.012620e+001  -1.446080e-002  
-1.002480e+001  -1.431290e-002  
-9.923490e+000  -1.658830e-002  
-9.822150e+000  -1.582930e-002  
-9.720820e+000  -1.914620e-002  
-9.619480e+000  -1.774570e-002  
-9.518140e+000  -2.225280e-002  
-9.416800e+000  -2.021730e-002  
-9.315460e+000  -2.608370e-002  
-9.214130e+000  -2.347010e-002  
-9.112790e+000  -3.090210e-002  
-9.011450e+000  -2.784710e-002  
-8.910110e+000  -3.711730e-002  
-8.808780e+000  -3.388180e-002  
-8.707440e+000  -4.539310e-002  
-8.606100e+000  -4.245080e-002  
-8.504760e+000  -5.686170e-002  
-8.403430e+000  -5.507260e-002  
-8.302090e+000  -7.357060e-002  
-8.200750e+000  -7.457950e-002  
-8.099410e+000  -9.953490e-002  
-7.998080e+000  -1.067530e-001  
-7.896740e+000  -1.434590e-001  
-7.795400e+000  -1.649340e-001  
-7.694060e+000  -2.271150e-001  
-7.592720e+000  -2.855670e-001  
-7.491390e+000  -4.171480e-001  
-7.390050e+000  -5.963110e-001  
-7.288710e+000  -9.898210e-001  
-7.187370e+000  -1.730870e+000  
-7.086040e+000  -3.428390e+000  
-6.984700e+000  -5.075890e+000  
-6.883360e+000  -3.717530e+000  
-6.782020e+000  -1.868010e+000  
-6.680690e+000  -1.067030e+000  
-6.579350e+000  -6.245810e-001  
-6.478010e+000  -4.437110e-001  
-6.376670e+000  -2.936880e-001  
-6.275330e+000  -2.414490e-001  
-6.174000e+000  -1.681490e-001  
-6.072660e+000  -1.538540e-001  
-5.971320e+000  -1.087350e-001  
-5.869980e+000  -1.085080e-001  
-5.768650e+000  -7.654880e-002  
-5.667310e+000  -8.211050e-002  
-5.565970e+000  -5.756380e-002  
-5.464630e+000  -6.542250e-002  
-5.363300e+000  -4.577770e-002  
-5.261960e+000  -5.422680e-002  
-5.160620e+000  -3.828380e-002  
-5.059280e+000  -4.639070e-002  
-4.957940e+000  -3.354750e-002  
-4.856610e+000  -4.075640e-002  
-4.755270e+000  -3.070530e-002  
-4.653930e+000  -3.667030e-002  
-4.552590e+000  -2.924890e-002  
-4.451260e+000  -3.375570e-002  
-4.349920e+000  -2.888570e-002  
-4.248580e+000  -3.181350e-002  
-4.147240e+000  -2.945530e-002  
-4.045910e+000  -3.075950e-002  
-3.944570e+000  -3.091000e-002  
-3.843230e+000  -3.061680e-002  
-3.741890e+000  -3.329890e-002  
-3.640560e+000  -3.151060e-002  
-3.539220e+000  -3.680580e-002  
-3.437880e+000  -3.372220e-002  
-3.336540e+000  -4.180940e-002  
-3.235210e+000  -3.778350e-002  
-3.133870e+000  -4.907080e-002  
-3.032530e+000  -4.476460e-002  
-2.931190e+000  -6.020470e-002  
-2.829850e+000  -5.709240e-002  
-2.728520e+000  -7.931620e-002  
-2.627180e+000  -8.188120e-002  
-2.525840e+000  -1.208420e-001  
-2.424500e+000  -1.501730e-001  
-2.323170e+000  -2.486020e-001  
-2.221830e+000  -2.867740e-001  
-2.120490e+000  -2.757980e-001  
-2.019150e+000  -2.603530e-001  
-1.917820e+000  -3.455460e-001  
-1.816480e+000  -4.585980e-001  
-1.715140e+000  -7.739960e-001  
-1.613800e+000  -1.349000e+000  
-1.512460e+000  -2.616340e+000  
-1.411130e+000  -3.130550e+000  
-1.309790e+000  -1.912460e+000  
-1.208450e+000  -1.009440e+000  
-1.107110e+000  -5.954340e-001  
-1.005780e+000  -4.024940e-001  
-9.044390e-001  -2.986040e-001  
-8.031010e-001  -2.513530e-001  
-7.017630e-001  -2.284470e-001  
-6.004260e-001  -2.402160e-001  
-4.990880e-001  -2.775530e-001  
-3.977500e-001  -3.866320e-001  
-2.964130e-001  -6.114790e-001  
-1.950750e-001  -1.137230e+000  
-9.373700e-002  -1.589720e+000  
7.600000e-003  -1.125320e+000  
1.089380e-001  -5.876890e-001  
2.102760e-001  -3.502040e-001  
3.116130e-001  -2.235950e-001  
4.129510e-001  -1.659460e-001  
5.142890e-001  -1.234280e-001  
6.156260e-001  -1.047550e-001  
7.169640e-001  -8.453120e-002  
8.183020e-001  -7.834770e-002  
9.196390e-001  -6.639750e-002  
1.020980e+000  -6.555580e-002  
1.122320e+000  -5.760180e-002  
1.223650e+000  -5.958630e-002  
1.324990e+000  -5.413930e-002  
1.426330e+000  -5.793940e-002  
1.527670e+000  -5.457430e-002  
1.629000e+000  -5.985840e-002  
1.730340e+000  -5.872730e-002  
1.831680e+000  -6.567060e-002  
1.933020e+000  -6.747140e-002  
2.034350e+000  -7.693680e-002  
2.135690e+000  -8.328630e-002  
2.237030e+000  -9.757480e-002  
2.338370e+000  -1.123430e-001  
2.439700e+000  -1.376980e-001  
2.541040e+000  -1.720200e-001  
2.642380e+000  -2.291400e-001  
2.743720e+000  -3.264130e-001  
2.845050e+000  -5.113260e-001  
2.946390e+000  -8.819560e-001  
3.047730e+000  -1.316660e+000  
3.149070e+000  -1.587000e+000  
3.250410e+000  -2.209520e+000  
3.351740e+000  -2.067720e+000  
3.453080e+000  -1.146100e+000  
3.554420e+000  -6.887610e-001  
3.655760e+000  -4.348220e-001  
3.757090e+000  -3.650470e-001  
3.858430e+000  -2.940870e-001  
3.959770e+000  -3.234650e-001  
4.061110e+000  -3.256540e-001  
4.162440e+000  -4.423340e-001  
4.263780e+000  -5.677570e-001  
4.365120e+000  -9.498370e-001  
4.466460e+000  -1.630810e+000  
4.567800e+000  -3.135580e+000  
4.669130e+000  -3.638780e+000  
4.770470e+000  -2.184190e+000  
4.871810e+000  -1.146430e+000  
4.973150e+000  -6.706510e-001  
5.074480e+000  -4.358630e-001  
5.175820e+000  -3.093780e-001  
5.277160e+000  -2.311800e-001  
5.378500e+000  -1.853400e-001  
5.479830e+000  -1.500060e-001  
5.581170e+000  -1.307030e-001  
5.682510e+000  -1.119430e-001  
5.783850e+000  -1.035360e-001  
5.885180e+000  -9.345910e-002  
5.986520e+000  -9.013430e-002  
6.087860e+000  -8.620130e-002  
6.189200e+000  -8.551780e-002  
6.290540e+000  -8.732410e-002  
6.391870e+000  -8.844470e-002  
6.493210e+000  -9.695390e-002  
6.594550e+000  -1.003450e-001  
6.695890e+000  -1.182290e-001  
6.797220e+000  -1.263960e-001  
6.898560e+000  -1.599030e-001  
6.999900e+000  -1.804090e-001  
7.101240e+000  -2.458280e-001  
7.202570e+000  -3.030100e-001  
7.303910e+000  -4.537150e-001  
7.405250e+000  -6.478090e-001  
7.506590e+000  -1.130200e+000  
7.607920e+000  -2.032170e+000  
7.709260e+000  -3.895520e+000  
7.810600e+000  -4.344370e+000  
7.911940e+000  -2.509610e+000  
8.013280e+000  -1.323010e+000  
8.114610e+000  -7.529800e-001  
8.215950e+000  -4.926360e-001  
8.317290e+000  -3.323270e-001  
8.418630e+000  -2.492730e-001  
8.519960e+000  -1.865650e-001  
8.621300e+000  -1.497690e-001  
8.722640e+000  -1.209120e-001  
8.823980e+000  -9.976210e-002  
8.925310e+000  -8.606840e-002  
9.026650e+000  -7.107570e-002  
9.127990e+000  -6.538730e-002  
9.229330e+000  -5.307440e-002  
9.330660e+000  -5.206610e-002  
9.432000e+000  -4.104130e-002  
9.533340e+000  -4.291040e-002  
9.634680e+000  -3.262860e-002  
9.736020e+000  -3.627340e-002  
9.837350e+000  -2.655520e-002  
9.938690e+000  -3.123720e-002  
1.004000e+001  -2.207260e-002  
1.014140e+001  -2.725730e-002  
1.024270e+001  -1.871690e-002  
1.034400e+001  -2.400720e-002  
1.044540e+001  -1.618150e-002  
1.054670e+001  -2.126870e-002  
1.064810e+001  -1.425800e-002  
1.074940e+001  -1.890930e-002  
1.085070e+001  -1.280170e-002  
1.095210e+001  -1.683910e-002  
1.105340e+001  -1.169470e-002  
1.115470e+001  -1.499430e-002  
1.125610e+001  -1.085580e-002  
1.135740e+001  -1.334400e-002  
1.145880e+001  -1.021880e-002  
1.156010e+001  -1.185910e-002  
1.166140e+001  -9.737530e-003  
1.176280e+001  -1.052290e-002  
1.186410e+001  -9.355810e-003  
1.196540e+001  -9.318930e-003  
1.206680e+001  -9.045370e-003  
1.216810e+001  -8.251730e-003  
1.226950e+001  -8.778050e-003  
1.237080e+001  -7.310170e-003  
1.247210e+001  -8.536450e-003  
1.257350e+001  -6.489840e-003  
1.267480e+001  -8.291850e-003  
1.277610e+001  -5.782890e-003  
