-1.306500e+001  -3.584480e-003  
-1.296360e+001  -5.266020e-003  
-1.286230e+001  -4.055950e-003  
-1.276090e+001  -5.203820e-003  
-1.265960e+001  -4.580390e-003  
-1.255830e+001  -5.121900e-003  
-1.245690e+001  -5.149320e-003  
-1.235560e+001  -5.043080e-003  
-1.225430e+001  -5.757820e-003  
-1.215290e+001  -4.977210e-003  
-1.205160e+001  -6.385600e-003  
-1.195020e+001  -4.940020e-003  
-1.184890e+001  -7.026660e-003  
-1.174760e+001  -4.943910e-003  
-1.164620e+001  -7.670450e-003  
-1.154490e+001  -5.014940e-003  
-1.144360e+001  -8.309890e-003  
-1.134220e+001  -5.165400e-003  
-1.124090e+001  -8.930330e-003  
-1.113950e+001  -5.411940e-003  
-1.103820e+001  -9.528990e-003  
-1.093690e+001  -5.770120e-003  
-1.083550e+001  -1.010230e-002  
-1.073420e+001  -6.257030e-003  
-1.063280e+001  -1.064980e-002  
-1.053150e+001  -6.885120e-003  
-1.043020e+001  -1.117170e-002  
-1.032880e+001  -7.667350e-003  
-1.022750e+001  -1.168140e-002  
-1.012620e+001  -8.620350e-003  
-1.002480e+001  -1.219000e-002  
-9.923490e+000  -9.747290e-003  
-9.822150e+000  -1.271310e-002  
-9.720820e+000  -1.106640e-002  
-9.619480e+000  -1.328050e-002  
-9.518140e+000  -1.258810e-002  
-9.416800e+000  -1.392520e-002  
-9.315460e+000  -1.432880e-002  
-9.214130e+000  -1.468810e-002  
-9.112790e+000  -1.630980e-002  
-9.011450e+000  -1.562430e-002  
-8.910110e+000  -1.855800e-002  
-8.808780e+000  -1.679870e-002  
-8.707440e+000  -2.111490e-002  
-8.606100e+000  -1.829770e-002  
-8.504760e+000  -2.403700e-002  
-8.403430e+000  -2.022780e-002  
-8.302090e+000  -2.741010e-002  
-8.200750e+000  -2.273220e-002  
-8.099410e+000  -3.135720e-002  
-7.998080e+000  -2.599980e-002  
-7.896740e+000  -3.606370e-002  
-7.795400e+000  -3.029640e-002  
-7.694060e+000  -4.180810e-002  
-7.592720e+000  -3.600240e-002  
-7.491390e+000  -4.902110e-002  
-7.390050e+000  -4.369190e-002  
-7.288710e+000  -5.839090e-002  
-7.187370e+000  -5.427240e-002  
-7.086040e+000  -7.105710e-002  
-6.984700e+000  -6.926370e-002  
-6.883360e+000  -8.902660e-002  
-6.782020e+000  -9.139510e-002  
-6.680690e+000  -1.160810e-001  
-6.579350e+000  -1.260270e-001  
-6.478010e+000  -1.601200e-001  
-6.376670e+000  -1.850120e-001  
-6.275330e+000  -2.400570e-001  
-6.174000e+000  -2.993680e-001  
-6.072660e+000  -4.114730e-001  
-5.971320e+000  -5.736520e-001  
-5.869980e+000  -8.971940e-001  
-5.768650e+000  -1.512160e+000  
-5.667310e+000  -2.833400e+000  
-5.565970e+000  -3.961060e+000  
-5.464630e+000  -3.076130e+000  
-5.363300e+000  -2.427840e+000  
-5.261960e+000  -2.939830e+000  
-5.160620e+000  -4.615670e+000  
-5.059280e+000  -4.625900e+000  
-4.957940e+000  -2.590900e+000  
-4.856610e+000  -1.445000e+000  
-4.755270e+000  -8.437940e-001  
-4.653930e+000  -5.932580e-001  
-4.552590e+000  -4.017800e-001  
-4.451260e+000  -3.278320e-001  
-4.349920e+000  -2.403880e-001  
-4.248580e+000  -2.151270e-001  
-4.147240e+000  -1.662480e-001  
-4.045910e+000  -1.585120e-001  
-3.944570e+000  -1.282850e-001  
-3.843230e+000  -1.281860e-001  
-3.741890e+000  -1.090420e-001  
-3.640560e+000  -1.131950e-001  
-3.539220e+000  -1.021200e-001  
-3.437880e+000  -1.099600e-001  
-3.336540e+000  -1.064550e-001  
-3.235210e+000  -1.197430e-001  
-3.133870e+000  -1.262370e-001  
-3.032530e+000  -1.511200e-001  
-2.931190e+000  -1.772190e-001  
-2.829850e+000  -2.342140e-001  
-2.728520e+000  -3.181530e-001  
-2.627180e+000  -4.977880e-001  
-2.525840e+000  -8.458080e-001  
-2.424500e+000  -1.629890e+000  
-2.323170e+000  -2.329080e+000  
-2.221830e+000  -1.659930e+000  
-2.120490e+000  -8.657290e-001  
-2.019150e+000  -5.136980e-001  
-1.917820e+000  -3.369660e-001  
-1.816480e+000  -2.550520e-001  
-1.715140e+000  -2.096570e-001  
-1.613800e+000  -1.898960e-001  
-1.512460e+000  -1.896060e-001  
-1.411130e+000  -2.024540e-001  
-1.309790e+000  -2.471820e-001  
-1.208450e+000  -3.213540e-001  
-1.107110e+000  -4.999580e-001  
-1.005780e+000  -8.517040e-001  
-9.044390e-001  -1.573640e+000  
-8.031010e-001  -1.791390e+000  
-7.017630e-001  -1.113220e+000  
-6.004260e-001  -7.226750e-001  
-4.990880e-001  -6.536730e-001  
-3.977500e-001  -7.719370e-001  
-2.964130e-001  -6.138860e-001  
-1.950750e-001  -3.597670e-001  
-9.373700e-002  -2.280740e-001  
7.600000e-003  -1.607220e-001  
1.089380e-001  -1.241290e-001  
2.102760e-001  -1.006930e-001  
3.116130e-001  -8.736520e-002  
4.129510e-001  -7.566410e-002  
5.142890e-001  -7.165390e-002  
6.156260e-001  -6.398090e-002  
7.169640e-001  -6.559560e-002  
8.183020e-001  -5.949590e-002  
9.196390e-001  -6.576890e-002  
1.020980e+000  -6.052800e-002  
1.122320e+000  -7.172530e-002  
1.223650e+000  -6.766500e-002  
1.324990e+000  -8.525660e-002  
1.426330e+000  -8.406630e-002  
1.527670e+000  -1.118090e-001  
1.629000e+000  -1.183740e-001  
1.730340e+000  -1.663280e-001  
1.831680e+000  -1.959690e-001  
1.933020e+000  -2.971770e-001  
2.034350e+000  -4.115830e-001  
2.135690e+000  -7.171760e-001  
2.237030e+000  -1.264210e+000  
2.338370e+000  -2.462570e+000  
2.439700e+000  -2.896730e+000  
2.541040e+000  -1.742980e+000  
2.642380e+000  -9.067910e-001  
2.743720e+000  -5.239750e-001  
2.845050e+000  -3.358180e-001  
2.946390e+000  -2.353560e-001  
3.047730e+000  -1.733530e-001  
3.149070e+000  -1.390750e-001  
3.250410e+000  -1.133570e-001  
3.351740e+000  -1.065840e-001  
3.453080e+000  -1.058730e-001  
3.554420e+000  -1.075340e-001  
3.655760e+000  -7.876210e-002  
3.757090e+000  -6.445680e-002  
3.858430e+000  -4.963070e-002  
3.959770e+000  -4.686910e-002  
4.061110e+000  -3.852700e-002  
4.162440e+000  -3.828540e-002  
4.263780e+000  -3.276930e-002  
4.365120e+000  -3.297410e-002  
4.466460e+000  -2.946830e-002  
4.567800e+000  -2.938970e-002  
4.669130e+000  -2.763000e-002  
4.770470e+000  -2.693190e-002  
4.871810e+000  -2.679280e-002  
4.973150e+000  -2.533020e-002  
5.074480e+000  -2.671530e-002  
5.175820e+000  -2.446680e-002  
5.277160e+000  -2.727010e-002  
5.378500e+000  -2.431760e-002  
5.479830e+000  -2.841010e-002  
5.581170e+000  -2.492680e-002  
5.682510e+000  -3.015440e-002  
5.783850e+000  -2.640710e-002  
5.885180e+000  -3.259600e-002  
5.986520e+000  -2.895180e-002  
6.087860e+000  -3.592500e-002  
6.189200e+000  -3.287070e-002  
6.290540e+000  -4.047520e-002  
6.391870e+000  -3.865880e-002  
6.493210e+000  -4.681500e-002  
6.594550e+000  -4.712770e-002  
6.695890e+000  -5.593520e-002  
6.797220e+000  -5.968000e-002  
6.898560e+000  -6.962070e-002  
6.999900e+000  -7.889280e-002  
7.101240e+000  -9.133770e-002  
7.202570e+000  -1.099310e-001  
7.303910e+000  -1.284390e-001  
7.405250e+000  -1.643680e-001  
7.506590e+000  -1.987710e-001  
7.607920e+000  -2.725340e-001  
7.709260e+000  -3.544820e-001  
7.810600e+000  -5.342430e-001  
7.911940e+000  -7.973860e-001  
8.013280e+000  -1.407480e+000  
8.114610e+000  -2.619700e+000  
8.215950e+000  -4.780420e+000  
8.317290e+000  -4.701600e+000  
8.418630e+000  -2.531980e+000  
8.519960e+000  -1.374140e+000  
8.621300e+000  -7.750310e-001  
8.722640e+000  -5.270510e-001  
8.823980e+000  -3.446820e-001  
8.925310e+000  -2.704040e-001  
9.026650e+000  -1.921470e-001  
9.127990e+000  -1.632530e-001  
9.229330e+000  -1.228620e-001  
9.330660e+000  -1.086940e-001  
9.432000e+000  -8.615030e-002  
9.533340e+000  -7.708560e-002  
9.634680e+000  -6.456610e-002  
9.736020e+000  -5.707180e-002  
9.837350e+000  -5.088530e-002  
9.938690e+000  -4.356870e-002  
1.004000e+001  -4.168600e-002  
1.014140e+001  -3.403810e-002  
1.024270e+001  -3.516950e-002  
1.034400e+001  -2.707600e-002  
1.044540e+001  -3.034570e-002  
1.054670e+001  -2.189450e-002  
1.064810e+001  -2.661940e-002  
1.074940e+001  -1.798030e-002  
1.085070e+001  -2.362930e-002  
1.095210e+001  -1.500660e-002  
1.105340e+001  -2.112360e-002  
1.115470e+001  -1.274930e-002  
1.125610e+001  -1.895990e-002  
1.135740e+001  -1.105260e-002  
1.145880e+001  -1.703870e-002  
1.156010e+001  -9.794580e-003  
1.166140e+001  -1.529340e-002  
1.176280e+001  -8.882720e-003  
1.186410e+001  -1.368730e-002  
1.196540e+001  -8.248670e-003  
1.206680e+001  -1.219590e-002  
1.216810e+001  -7.820070e-003  
1.226950e+001  -1.080680e-002  
1.237080e+001  -7.549610e-003  
1.247210e+001  -9.508350e-003  
1.257350e+001  -7.392800e-003  
1.267480e+001  -8.314370e-003  
1.277610e+001  -7.319200e-003  
