c4 эксперимент 29-03-96-1  P0=25bar, SS-H2-LiF
c972  899  805  734
c""  ""  ""  ""
c0.28  0.456  0.34  0.23
c0.79 0.79 0.79 0.79
0.000000e+00    -5.670412e-01  -2.093288e-01  -2.619858e-01  -3.548183e-01  
2.000000e+00    1.101709e+00   2.469212e-01   -3.201108e-01  -1.657943e+00  
4.000000e+00    4.017087e-01   3.442118e-02   -2.088608e-01  4.326816e-01   
6.000000e+00    1.101709e+00   -3.155788e-01  -7.610837e-03  7.514316e-01   
8.000000e+00    -3.266626e-02  3.442118e-02   -1.538608e-01  -3.548183e-01  
1.000000e+01    7.017087e-01   1.031712e-01   -3.738608e-01  -5.798183e-01  
1.200000e+01    3.985837e-01   6.719212e-01   8.198891e-01   2.955665e-02   
1.400000e+01    -2.641626e-02  4.094212e-01   -2.107358e-01  1.932682e+00   
1.600000e+01    7.298337e-01   -1.218288e-01  1.980142e-01   1.080665e-02   
1.800000e+01    -4.451662e-01  3.442118e-02   1.730142e-01   1.023307e+00   
2.000000e+01    -3.451662e-01  -3.432882e-02  1.798892e-01   -6.829433e-01  
2.200000e+01    -2.795412e-01  -1.343288e-01  5.180141e-01   9.518165e-02   
2.400000e+01    9.545874e-02   4.031712e-01   4.551416e-02   7.701816e-01   
2.600000e+01    -5.545412e-01  -7.655788e-01  -2.232358e-01  1.229557e+00   
2.800000e+01    -5.732912e-01  2.094212e-01   -1.136084e-02  -1.204433e-01  
3.000000e+01    6.642087e-01   -7.905788e-01  1.492642e-01   7.233066e-01   
3.200000e+01    -2.607912e-01  1.153171e+00   -2.261084e-02  -4.673183e-01  
3.400000e+01    -1.326663e-01  -7.807882e-02  -2.857358e-01  1.276432e+00   
3.600000e+01    -1.357913e-01  2.719212e-01   1.738916e-02   -1.673183e-01  
3.800000e+01    -2.639162e-01  -8.280788e-01  2.392642e-01   -8.704433e-01  
4.000000e+01    -4.107912e-01  1.156712e-01   -1.544858e-01  2.288932e+00   
4.200000e+01    -8.264162e-01  -8.405788e-01  -2.988608e-01  9.670566e-01   
4.400000e+01    -3.045412e-01  -3.718288e-01  -3.698584e-02  7.983066e-01   
4.600000e+01    7.983374e-02   3.219212e-01   -1.294858e-01  4.889316e-01   
4.800000e+01    -1.416256e-03  -1.468288e-01  -5.257358e-01  -1.132943e+00  
5.000000e+01    -4.014162e-01  3.969212e-01   -4.198584e-02  1.398307e+00   
5.200000e+01    1.173337e-01   -1.346829e+00  -1.244858e-01  -1.179818e+00  
5.400000e+01    -2.357913e-01  -8.905788e-01  2.455142e-01   2.545566e-01   
5.600000e+01    7.235837e-01   1.009421e+00   1.738916e-02   1.379557e+00   
5.800000e+01    3.673337e-01   8.094212e-01   1.923892e-01   -3.829433e-01  
6.000000e+01    -8.014162e-01  -8.155788e-01  -3.494858e-01  -3.360683e-01  
6.200000e+01    -3.607912e-01  1.184421e+00   2.161392e-01   1.080665e-02   
6.400000e+01    4.485837e-01   7.281712e-01   -2.394858e-01  -5.141933e-01  
6.600000e+01    -3.764162e-01  8.219212e-01   4.667642e-01   1.051432e+00   
6.800000e+01    2.983374e-02   -7.807882e-02  -4.511084e-02  -2.669335e-02  
7.000000e+01    1.892087e-01   9.219212e-01   5.261391e-01   -2.048183e-01  
7.200000e+01    1.064209e+00   9.031712e-01   3.238916e-02   1.889316e-01   
7.400000e+01    1.329834e+00   -9.780788e-01  -3.363608e-01  8.076816e-01   
7.600000e+01    -2.641626e-02  -2.468288e-01  -1.907358e-01  -1.485683e-01  
7.800000e+01    -1.014163e-01  3.844212e-01   1.801416e-02   1.163932e+00   
8.000000e+01    7.485837e-01   -9.218288e-01  1.123892e-01   5.768165e-02   
8.200000e+01    -3.076662e-01  4.219212e-01   -2.198584e-02  1.492057e+00   
8.400000e+01    -1.920413e-01  -3.078818e-03  -1.044858e-01  -7.943350e-03  
8.600000e+01    9.642087e-01   2.192118e-02   1.573892e-01   -1.761068e+00  
8.800000e+01    1.048337e-01   2.469212e-01   -9.761083e-02  1.632682e+00   
9.000000e+01    -2.641626e-02  4.844212e-01   -6.511084e-02  -2.329433e-01  
9.200000e+01    -8.264162e-01  -9.655788e-01  -2.963608e-01  -5.610683e-01  
9.400000e+01    -6.451662e-01  1.328171e+00   -1.619858e-01  2.733066e-01   
9.600000e+01    7.045874e-02   -8.280788e-01  2.005142e-01   1.233066e-01   
9.800000e+01    -3.857912e-01  1.115671e+00   3.176416e-02   1.514316e-01   
1.000000e+02    -1.701663e-01  1.344212e-01   -2.351108e-01  -1.485683e-01  
1.020000e+02    -7.045412e-01  -6.655788e-01  4.380142e-01   -1.395443e+00  
1.040000e+02    -6.482912e-01  -6.280788e-01  -6.360837e-03  -2.154818e+00  
1.060000e+02    -2.954126e-02  -1.843288e-01  -1.369858e-01  2.733066e-01   
1.080000e+02    -8.357912e-01  -1.405788e-01  -9.511084e-02  -7.485683e-01  
1.100000e+02    7.017087e-01   -7.807882e-02  -1.001108e-01  -1.414193e+00  
1.120000e+02    1.142087e-01   -5.343288e-01  -2.344858e-01  1.567057e+00   
1.140000e+02    1.235837e-01   1.906712e-01   -2.126108e-01  -6.079433e-01  
1.160000e+02    1.329587e-01   -8.093288e-01  -2.188608e-01  3.893165e-02   
1.180000e+02    -3.201662e-01  3.031712e-01   2.738916e-02   -2.891933e-01  
1.200000e+02    -3.357912e-01  9.844212e-01   3.198892e-01   -1.395443e+00  
1.220000e+02    1.610837e-01   4.692118e-02   -2.719858e-01  4.830665e-02   
1.240000e+02    1.548337e-01   -7.218288e-01  2.430142e-01   -1.442318e+00  
1.260000e+02    -3.420412e-01  -6.218288e-01  1.155142e-01   2.264316e-01   
1.280000e+02    -4.516626e-02  -4.593288e-01  -7.907358e-01  1.220182e+00   
1.300000e+02    6.267087e-01   5.844212e-01   3.042642e-01   -3.735683e-01  
1.320000e+02    -2.514162e-01  -9.682882e-02  -3.151108e-01  -2.048183e-01  
1.340000e+02    7.670874e-02   -4.905788e-01  -5.511084e-02  -2.891933e-01  
1.360000e+02    2.360837e-01   -3.218288e-01  -3.886084e-02  -1.667318e+00  
1.380000e+02    3.829587e-01   -8.343288e-01  6.930141e-01   8.826816e-01   
1.400000e+02    6.360837e-01   -6.468288e-01  -5.776108e-01  -5.481835e-02  
1.420000e+02    -8.266625e-02  -9.030788e-01  -1.869858e-01  -1.517318e+00  
1.440000e+02    6.017087e-01   4.219212e-01   -1.851108e-01  1.608066e-01   
1.460000e+02    -2.329126e-02  1.531712e-01   -3.438608e-01  1.417057e+00   
1.480000e+02    1.173337e-01   6.344212e-01   -6.261084e-02  5.545566e-01   
1.500000e+02    -9.514162e-01  1.406712e-01   -5.301108e-01  -1.011068e+00  
1.520000e+02    7.204587e-01   4.094212e-01   3.180142e-01   -1.579433e-01  
1.540000e+02    -7.201662e-01  -6.593288e-01  -6.360837e-03  3.389316e-01   
1.560000e+02    -2.764162e-01  5.281712e-01   4.498892e-01   1.983066e-01   
1.580000e+02    9.233374e-02   1.090671e+00   2.311392e-01   -1.485683e-01  
1.600000e+02    -3.357912e-01  8.344212e-01   -3.582358e-01  1.492057e+00   
1.620000e+02    -7.329125e-02  -9.405788e-01  7.738916e-02   -5.516933e-01  
1.640000e+02    2.735837e-01   3.844212e-01   -1.985837e-03  -5.891933e-01  
1.660000e+02    -5.576662e-01  9.067118e-02   -8.235837e-03  -6.360683e-01  
1.680000e+02    -5.826662e-01  2.906712e-01   -5.919858e-01  -5.329433e-01  
1.700000e+02    -2.139163e-01  4.969212e-01   1.711392e-01   7.795566e-01   
1.720000e+02    -6.079125e-02  1.281712e-01   2.936392e-01   -2.704433e-01  
1.740000e+02    -7.576662e-01  3.219212e-01   3.630142e-01   -6.829433e-01  
1.760000e+02    6.235837e-01   -1.530788e-01  3.036392e-01   -2.529818e+00  
1.780000e+02    -6.389162e-01  1.594212e-01   2.311392e-01   2.785807e+00   
1.800000e+02    5.673337e-01   -2.182882e-02  -8.235837e-03  -1.451693e+00  
1.820000e+02    7.142087e-01   -5.905788e-01  -9.485837e-03  3.764316e-01   
1.840000e+02    -6.639162e-01  -3.843288e-01  3.642642e-01   -2.423183e-01  
1.860000e+02    -1.732913e-01  1.969212e-01   1.448892e-01   3.108066e-01   
1.880000e+02    -3.482912e-01  -1.553079e+00  4.455142e-01   2.955665e-02   
1.900000e+02    2.954587e-01   1.031712e-01   -1.363608e-01  -1.860683e-01  
1.920000e+02    -4.139162e-01  -7.343288e-01  9.623891e-01   -5.329433e-01  
1.940000e+02    -1.920413e-01  5.031712e-01   -8.386084e-02  1.326816e-01   
1.960000e+02    2.423337e-01   9.692118e-02   1.348892e-01   1.210807e+00   
1.980000e+02    2.892087e-01   1.265671e+00   -7.610837e-03  3.014316e-01   
2.000000e+02    -1.982913e-01  3.594212e-01   -4.688608e-01  -1.386068e+00  
2.020000e+02    4.579587e-01   -5.030788e-01  1.917642e-01   -1.020443e+00  
2.040000e+02    5.298337e-01   2.844212e-01   -4.688608e-01  1.107682e+00   
2.060000e+02    -3.826662e-01  1.040671e+00   -1.682358e-01  -1.498568e+00  
2.080000e+02    7.048337e-01   -2.807882e-02  2.086392e-01   1.098307e+00   
2.100000e+02    -1.420413e-01  3.719212e-01   -3.663608e-01  -5.704433e-01  
2.120000e+02    7.360837e-01   8.406712e-01   2.817642e-01   -7.110683e-01  
2.140000e+02    2.548337e-01   6.567118e-02   3.823892e-01   -3.454433e-01  
2.160000e+02    3.048337e-01   7.192118e-02   3.611392e-01   -9.079433e-01  
2.180000e+02    5.795874e-02   4.692118e-02   1.373892e-01   -7.110683e-01  
2.200000e+02    5.483374e-02   -4.718288e-01  3.030142e-01   6.389316e-01   
2.220000e+02    -3.266626e-02  1.415671e+00   -3.860837e-03  4.420566e-01   
2.240000e+02    7.329587e-01   -1.718288e-01  -2.013608e-01  9.764316e-01   
2.260000e+02    -2.016626e-02  6.094212e-01   -1.401108e-01  1.889316e-01   
2.280000e+02    -7.764162e-01  -3.343288e-01  1.736392e-01   1.313932e+00   
2.300000e+02    -1.310791e+00  6.031712e-01   -2.113608e-01  2.955665e-02   
2.320000e+02    1.610837e-01   1.594212e-01   -1.776108e-01  1.557682e+00   
2.340000e+02    -4.795412e-01  1.094212e-01   -3.136084e-02  1.932682e+00   
2.360000e+02    -1.514163e-01  4.719212e-01   5.417641e-01   -5.423183e-01  
2.380000e+02    3.360837e-01   2.781712e-01   -1.101108e-01  -7.943350e-03  
2.400000e+02    2.923337e-01   -7.343288e-01  -7.636084e-02  1.107682e+00   
2.420000e+02    2.045874e-02   -7.655788e-01  2.080142e-01   -6.360683e-01  
2.440000e+02    -6.704125e-02  1.065671e+00   -7.698584e-02  7.795566e-01   
2.460000e+02    3.048337e-01   -3.432882e-02  6.092641e-01   6.483066e-01   
2.480000e+02    -4.764162e-01  -8.218288e-01  -1.573584e-02  -6.079433e-01  
2.500000e+02    1.673337e-01   -1.646829e+00  1.905142e-01   -1.860683e-01  
2.520000e+02    -2.795412e-01  -7.843288e-01  -4.698584e-02  -6.419335e-02  
2.540000e+02    4.267087e-01   4.156712e-01   -1.882358e-01  4.701816e-01   
2.560000e+02    4.798337e-01   -9.682882e-02  -1.619858e-01  -1.929818e+00  
2.580000e+02    4.545874e-02   7.906712e-01   6.051416e-02   -1.151693e+00  
2.600000e+02    1.039209e+00   -8.530788e-01  -5.644858e-01  -9.173183e-01  
2.620000e+02    8.295874e-02   4.969212e-01   1.926416e-02   9.670566e-01   
2.640000e+02    -6.420412e-01  -3.030788e-01  -3.657358e-01  1.060807e+00   
2.660000e+02    7.298337e-01   -2.280788e-01  2.173892e-01   -1.170443e+00  
2.680000e+02    3.267087e-01   5.156712e-01   1.080142e-01   -1.592318e+00  
2.700000e+02    -2.201663e-01  1.340671e+00   6.867641e-01   3.483066e-01   
2.720000e+02    2.704587e-01   3.844212e-01   -1.026108e-01  1.548307e+00   
2.740000e+02    2.517087e-01   6.094212e-01   3.386392e-01   -3.923183e-01  
2.760000e+02    2.110837e-01   5.942118e-02   1.392642e-01   6.576816e-01   
2.780000e+02    -7.889162e-01  9.067118e-02   -9.198584e-02  4.420566e-01   
2.800000e+02    1.123584e+00   4.067118e-02   4.136392e-01   1.045566e-01   
2.820000e+02    -8.389162e-01  -9.655788e-01  1.848892e-01   -1.357943e+00  
2.840000e+02    -8.266625e-02  1.531712e-01   1.336392e-01   1.608066e-01   
2.860000e+02    -2.139163e-01  -3.030788e-01  9.264162e-03   1.473307e+00   
2.880000e+02    -7.076662e-01  4.281712e-01   -2.136084e-02  -6.173183e-01  
2.900000e+02    -1.982913e-01  2.817118e-02   -5.332358e-01  9.518165e-02   
2.920000e+02    -3.857912e-01  -8.155788e-01  8.801416e-02   -1.039193e+00  
2.940000e+02    -1.482913e-01  -7.218288e-01  -4.913608e-01  2.729557e+00   
2.960000e+02    1.048337e-01   2.781712e-01   8.051416e-02   -7.485683e-01  
2.980000e+02    -3.326662e-01  -1.530788e-01  -9.511084e-02  -2.669335e-02  
3.000000e+02    -8.357912e-01  2.156712e-01   -1.188608e-01  -9.231835e-02  
3.020000e+02    -5.732912e-01  -7.593288e-01  5.530141e-01   7.514316e-01   
3.040000e+02    -3.891626e-02  3.531712e-01   7.051416e-02   -6.829433e-01  
3.060000e+02    -3.920412e-01  5.469212e-01   -2.557358e-01  1.795566e-01   
3.080000e+02    4.360837e-01   9.344212e-01   7.155141e-01   -5.610683e-01  
3.100000e+02    4.833744e-03   1.153171e+00   -5.976108e-01  -2.407943e+00  
3.120000e+02    -2.295413e-01  -1.530788e-01  1.642642e-01   2.451816e-01   
3.140000e+02    -7.295412e-01  -1.968288e-01  -3.019858e-01  3.951816e-01   
3.160000e+02    -3.857912e-01  -9.405788e-01  -2.738608e-01  6.014316e-01   
3.180000e+02    -6.357912e-01  5.781712e-01   2.611392e-01   7.701816e-01   
3.200000e+02    3.298337e-01   1.353171e+00   2.511392e-01   -6.548183e-01  
3.220000e+02    1.517087e-01   -1.093288e-01  -7.238608e-01  -1.189193e+00  
3.240000e+02    1.954587e-01   3.469212e-01   -2.001108e-01  1.210807e+00   
3.260000e+02    3.048337e-01   -9.343288e-01  5.514162e-03   -4.544335e-02  
3.280000e+02    -2.329126e-02  -9.328817e-03  -2.132358e-01  3.108066e-01   
3.300000e+02    1.892087e-01   9.531712e-01   2.017642e-01   1.473307e+00   
3.320000e+02    1.114209e+00   -8.655788e-01  -2.519858e-01  -1.673183e-01  
3.340000e+02    -1.110791e+00  2.969212e-01   1.536392e-01   -1.161068e+00  
3.360000e+02    1.142334e+00   3.171182e-03   -2.073584e-02  1.514316e-01   
3.380000e+02    1.023584e+00   1.094212e-01   -5.511084e-02  3.764316e-01   
3.400000e+02    -4.389162e-01  -6.405788e-01  1.561392e-01   -4.110683e-01  
3.420000e+02    -4.014162e-01  -4.155788e-01  -2.582358e-01  -5.141933e-01  
3.440000e+02    7.423337e-01   -8.343288e-01  -7.323584e-02  5.639316e-01   
3.460000e+02    -6.391625e-02  5.344212e-01   7.551416e-02   -4.391933e-01  
3.480000e+02    -1.045413e-01  -7.280788e-01  -4.469858e-01  -7.298183e-01  
3.500000e+02    8.017087e-01   -5.218288e-01  -1.563608e-01  -1.329818e+00  
3.520000e+02    -2.357913e-01  3.094212e-01   1.136392e-01   8.170566e-01   
3.540000e+02    -2.016626e-02  1.156712e-01   -3.763608e-01  -1.601693e+00  
3.560000e+02    1.392087e-01   1.656712e-01   2.836392e-01   -6.360683e-01  
3.580000e+02    2.610837e-01   -3.280788e-01  -3.448584e-02  -1.807943e+00  
3.600000e+02    4.173337e-01   1.353171e+00   3.639162e-03   -3.360683e-01  
3.620000e+02    5.517087e-01   -5.905788e-01  1.492642e-01   3.893165e-02   
3.640000e+02    -3.139162e-01  5.969212e-01   9.676416e-02   5.451816e-01   
3.660000e+02    7.045874e-02   -1.540579e+00  8.926416e-02   -4.298183e-01  
3.680000e+02    -6.732912e-01  5.469212e-01   3.080142e-01   1.013932e+00   
3.700000e+02    -2.232913e-01  -8.593288e-01  4.642642e-01   -1.620443e+00  
3.720000e+02    1.610837e-01   -3.405788e-01  -1.551108e-01  8.733066e-01   
3.740000e+02    -7.329125e-02  -1.843288e-01  6.723891e-01   -6.419335e-02  
3.760000e+02    -3.295412e-01  4.156712e-01   -1.048236e+00  1.604557e+00   
3.780000e+02    5.298337e-01   -5.307882e-02  4.130142e-01   -4.204433e-01  
3.800000e+02    -4.357912e-01  1.281712e-01   -4.432358e-01  -1.376693e+00  
3.820000e+02    -5.826662e-01  -9.593288e-01  2.936392e-01   -1.860683e-01  
3.840000e+02    5.079587e-01   -2.807882e-02  4.676416e-02   1.795566e-01   
3.860000e+02    -4.201662e-01  -6.280788e-01  -2.007358e-01  1.407682e+00   
3.880000e+02    1.142087e-01   -9.155788e-01  -2.019858e-01  4.045566e-01   
3.900000e+02    -1.264163e-01  8.969212e-01   -2.551108e-01  2.920566e-01   
3.920000e+02    -4.204126e-02  -4.968288e-01  4.067642e-01   7.795566e-01   
3.940000e+02    8.204587e-01   -1.655788e-01  -9.198584e-02  -1.954433e-01  
3.960000e+02    -3.951662e-01  -5.968288e-01  -2.776108e-01  -7.298183e-01  
3.980000e+02    2.298337e-01   -6.530788e-01  1.480142e-01   4.139316e-01   
4.000000e+02    -2.389163e-01  2.594212e-01   -3.886084e-02  1.220182e+00   
4.020000e+02    6.110837e-01   3.406712e-01   -1.244858e-01  -5.329433e-01  
4.040000e+02    -8.295412e-01  -1.468288e-01  1.317642e-01   -2.141933e-01  
4.060000e+02    -6.704125e-02  1.031712e-01   3.330142e-01   -2.891933e-01  
4.080000e+02    -1.576663e-01  6.906712e-01   -9.157358e-01  3.014316e-01   
4.100000e+02    5.798337e-01   -1.718288e-01  3.801416e-02   2.076816e-01   
4.120000e+02    -2.951662e-01  1.146921e+00   -1.544858e-01  1.463932e+00   
4.140000e+02    -7.295412e-01  -4.468288e-01  -5.401108e-01  -1.957943e+00  
4.160000e+02    5.642087e-01   5.094212e-01   9.613916e-02   -3.360683e-01  
4.180000e+02    1.579587e-01   6.094212e-01   2.117642e-01   1.398307e+00   
4.200000e+02    -5.045412e-01  -5.405788e-01  -2.107358e-01  -1.414193e+00  
4.220000e+02    3.017087e-01   4.156712e-01   2.942642e-01   1.514316e-01   
4.240000e+02    2.767087e-01   -7.530788e-01  3.611392e-01   1.173307e+00   
4.260000e+02    -7.329125e-02  8.594212e-01   -5.632358e-01  -1.395443e+00  
4.280000e+02    -5.951662e-01  -2.807882e-02  4.426416e-02   1.326816e-01   
4.300000e+02    2.829587e-01   7.192118e-02   -2.876108e-01  4.830665e-02   
4.320000e+02    -6.357912e-01  7.156712e-01   -4.257358e-01  -2.235683e-01  
4.340000e+02    -1.051416e+00  -8.432882e-02  6.551416e-02   -2.423183e-01  
4.360000e+02    -4.857912e-01  6.594212e-01   -7.163608e-01  4.701816e-01   
4.380000e+02    -1.545413e-01  -6.530788e-01  -2.513608e-01  -1.639193e+00  
4.400000e+02    6.798337e-01   -5.905788e-01  8.014162e-03   2.955665e-02   
4.420000e+02    -3.170412e-01  -8.843288e-01  6.105141e-01   2.157682e+00   
4.440000e+02    4.833744e-03   8.406712e-01   8.051416e-02   4.608066e-01   
4.460000e+02    -2.641626e-02  7.281712e-01   -2.332358e-01  -7.579433e-01  
4.480000e+02    -4.420412e-01  -5.093288e-01  1.386392e-01   -4.016933e-01  
4.500000e+02    1.423337e-01   -3.468288e-01  -4.819858e-01  1.032682e+00   
4.520000e+02    -6.576662e-01  4.781712e-01   1.455142e-01   -9.231835e-02  
4.540000e+02    5.579587e-01   7.817118e-02   4.426416e-02   -1.573568e+00  
4.560000e+02    -4.201662e-01  2.192118e-02   3.986392e-01   2.264316e-01   
4.580000e+02    1.579587e-01   8.442118e-02   3.488916e-02   1.983066e-01   
4.600000e+02    1.420874e-02   -1.155788e-01  -6.360837e-03  1.070182e+00   
4.620000e+02    6.798337e-01   -5.780788e-01  6.988916e-02   -7.298183e-01  
4.640000e+02    6.548337e-01   5.719212e-01   -2.419858e-01  1.080665e-02   
4.660000e+02    7.923337e-01   1.453171e+00   2.192642e-01   -4.954433e-01  
4.680000e+02    4.204587e-01   5.942118e-02   -2.907358e-01  8.451816e-01   
4.700000e+02    -4.107912e-01  7.817118e-02   -2.676108e-01  -3.360683e-01  
4.720000e+02    5.392087e-01   -4.718288e-01  2.867642e-01   -3.079433e-01  
4.740000e+02    -1.607913e-01  -4.843288e-01  -2.719858e-01  1.501432e+00   
4.760000e+02    3.454587e-01   2.156712e-01   3.523892e-01   -4.954433e-01  
4.780000e+02    5.610837e-01   4.406712e-01   4.113916e-02   -6.360683e-01  
4.800000e+02    6.329587e-01   5.317118e-02   -6.894858e-01  -3.454433e-01  
4.820000e+02    5.735837e-01   6.656712e-01   -6.511084e-02  -6.360683e-01  
4.840000e+02    1.517087e-01   -5.932882e-02  3.555142e-01   -1.395443e+00  
4.860000e+02    -5.766625e-02  1.344212e-01   -5.169858e-01  3.670566e-01   
4.880000e+02    -2.451662e-01  -7.030788e-01  -4.232358e-01  -6.419335e-02  
4.900000e+02    -6.764162e-01  -2.155788e-01  -1.136084e-02  1.210807e+00   
4.920000e+02    -1.389163e-01  2.781712e-01   -1.969858e-01  2.560807e+00   
4.940000e+02    1.708744e-03   -7.718288e-01  -2.601108e-01  7.795566e-01   
4.960000e+02    -2.732912e-01  -3.030788e-01  1.880142e-01   7.139316e-01   
4.980000e+02    -2.326663e-01  -8.968288e-01  -3.201108e-01  -1.451693e+00  
5.000000e+02    -3.889162e-01  5.156712e-01   5.863916e-02   1.567057e+00   
5.020000e+02    2.798337e-01   -6.655788e-01  -4.244858e-01  -1.611068e+00  
5.040000e+02    -1.213916e+00  -6.843288e-01  -1.163608e-01  3.858066e-01   
5.060000e+02    -3.170412e-01  1.165671e+00   5.817641e-01   9.518165e-02   
5.080000e+02    -3.357912e-01  2.156712e-01   -5.782358e-01  2.639316e-01   
5.100000e+02    -2.732912e-01  3.344212e-01   -1.963608e-01  -2.423183e-01  
5.120000e+02    4.079587e-01   1.034421e+00   -1.544858e-01  2.018165e-02   
5.140000e+02    -3.107912e-01  5.344212e-01   -6.207358e-01  1.248307e+00   
5.160000e+02    -1.232913e-01  -9.530788e-01  -3.176108e-01  -1.298183e-01  
5.180000e+02    -6.014162e-01  -8.843288e-01  1.280142e-01   -7.766933e-01  
5.200000e+02    -7.329125e-02  -3.593288e-01  -3.826108e-01  8.580665e-02   
5.220000e+02    -4.451662e-01  -3.718288e-01  -4.969858e-01  -2.048183e-01  
5.240000e+02    -3.951662e-01  -4.718288e-01  -3.663608e-01  3.201816e-01   
5.260000e+02    -8.951662e-01  -8.655788e-01  -5.476108e-01  -1.104818e+00  
5.280000e+02    -1.273291e+00  -1.996829e+00  -8.576108e-01  -5.423183e-01  
5.300000e+02    2.142087e-01   -1.103079e+00  -5.894858e-01  -5.704433e-01  
5.320000e+02    -7.670412e-01  -1.503079e+00  -9.669858e-01  -1.461068e+00  
5.340000e+02    -6.107912e-01  -1.684329e+00  -8.657358e-01  -9.231835e-02  
5.360000e+02    -7.954125e-02  -1.190579e+00  -1.208861e+00  -1.489193e+00  
5.380000e+02    -1.795413e-01  -1.509329e+00  -4.813608e-01  -1.579433e-01  
5.400000e+02    -1.288916e+00  -2.034329e+00  -1.740111e+00  -6.829433e-01  
5.420000e+02    8.920874e-02   -1.540579e+00  -7.182358e-01  -8.985683e-01  
5.440000e+02    -4.264162e-01  -2.278079e+00  -1.159486e+00  7.643165e-02   
5.460000e+02    -4.951662e-01  -1.059329e+00  -1.218236e+00  -1.132943e+00  
5.480000e+02    -3.982912e-01  -1.121829e+00  -9.369858e-01  -2.235683e-01  
5.500000e+02    -9.420412e-01  -1.365579e+00  -7.776108e-01  -1.742318e+00  
5.520000e+02    -1.354541e+00  -3.121829e+00  -1.201361e+00  1.514316e-01   
5.540000e+02    -1.117041e+00  -1.290579e+00  -1.251986e+00  -1.957943e+00  
5.560000e+02    -7.295412e-01  -1.228079e+00  -7.713608e-01  -1.189193e+00  
5.580000e+02    -8.514162e-01  -4.218288e-01  -9.257358e-01  2.018165e-02   
5.600000e+02    -1.042041e+00  -6.530788e-01  -1.316986e+00  -8.704433e-01  
5.620000e+02    -1.085791e+00  -1.584329e+00  -1.468236e+00  -8.048183e-01  
5.640000e+02    -9.764162e-01  -1.546829e+00  -1.463236e+00  -1.123568e+00  
5.660000e+02    -1.323291e+00  -1.590579e+00  -6.544858e-01  -3.148568e+00  
5.680000e+02    -5.764162e-01  -7.843288e-01  -2.025111e+00  1.420566e-01   
5.700000e+02    -1.042041e+00  -2.140579e+00  -1.029486e+00  -1.901693e+00  
5.720000e+02    -9.764162e-01  -1.371829e+00  -1.423861e+00  -8.294335e-02  
5.740000e+02    -6.107912e-01  -2.109329e+00  -1.655736e+00  -4.016933e-01  
5.760000e+02    -1.532666e+00  -2.384329e+00  -1.553861e+00  -1.770443e+00  
5.780000e+02    -7.232912e-01  -1.134329e+00  -8.232358e-01  -1.657943e+00  
5.800000e+02    -1.660791e+00  -1.778079e+00  -1.506361e+00  -1.386068e+00  
5.820000e+02    -9.732912e-01  -1.503079e+00  -6.757358e-01  -1.461068e+00  
5.840000e+02    -8.295412e-01  -2.140579e+00  -1.289486e+00  -2.669335e-02  
5.860000e+02    -1.979541e+00  -1.828079e+00  -1.714486e+00  -1.573568e+00  
5.880000e+02    -1.442041e+00  -1.853079e+00  -1.568861e+00  -1.479818e+00  
5.900000e+02    -9.014162e-01  -1.878079e+00  -1.265111e+00  -1.254818e+00  
5.920000e+02    -9.826662e-01  -2.484329e+00  -1.491986e+00  2.955665e-02   
5.940000e+02    -8.857912e-01  -1.203079e+00  -2.026361e+00  -5.141933e-01  
5.960000e+02    -1.585791e+00  -1.909329e+00  -9.501108e-01  -1.714193e+00  
5.980000e+02    -6.326662e-01  -1.978079e+00  -2.230111e+00  -9.641933e-01  
6.000000e+02    -5.982912e-01  -1.921829e+00  -9.851108e-01  -4.544335e-02  
6.020000e+02    -2.857912e-01  -1.165579e+00  -1.645736e+00  -1.470443e+00  
6.040000e+02    -1.345166e+00  -1.496829e+00  -9.757358e-01  -2.048183e-01  
6.060000e+02    -1.145166e+00  -2.028079e+00  -1.611986e+00  -1.517318e+00  
6.080000e+02    -5.482912e-01  -1.071829e+00  -1.113236e+00  -1.016933e-01  
6.100000e+02    -5.889162e-01  -2.403079e+00  -1.245111e+00  3.201816e-01   
6.120000e+02    -1.570166e+00  -1.996829e+00  -1.030111e+00  -2.267318e+00  
6.140000e+02    -1.420166e+00  -7.905788e-01  -1.467611e+00  -8.610683e-01  
6.160000e+02    -1.379541e+00  -2.421829e+00  -1.525736e+00  -3.360683e-01  
6.180000e+02    -9.857912e-01  -1.934329e+00  -1.140111e+00  -1.817318e+00  
6.200000e+02    -2.038916e+00  -2.484329e+00  -1.247611e+00  1.045566e-01   
6.220000e+02    -1.926416e+00  -1.065579e+00  -1.273861e+00  3.951816e-01   
6.240000e+02    -1.467041e+00  -2.503079e+00  -1.721361e+00  1.795566e-01   
6.260000e+02    -1.129541e+00  -1.221829e+00  -1.548236e+00  -8.329433e-01  
6.280000e+02    -5.232912e-01  -1.665579e+00  -1.414486e+00  -1.517318e+00  
6.300000e+02    -2.663916e+00  -2.915579e+00  -1.726986e+00  1.514316e-01   
6.320000e+02    -1.892041e+00  -2.784329e+00  -1.340111e+00  -2.520443e+00  
6.340000e+02    -1.501416e+00  -1.671829e+00  -1.673236e+00  -9.454433e-01  
6.360000e+02    -1.398291e+00  -3.234329e+00  -1.283236e+00  -1.067318e+00  
6.380000e+02    -1.432666e+00  -1.253079e+00  -1.561361e+00  -1.254818e+00  
6.400000e+02    -1.276416e+00  -1.671829e+00  -1.000111e+00  -1.067318e+00  
6.420000e+02    -9.045412e-01  -2.428079e+00  -1.715736e+00  -2.042318e+00  
6.440000e+02    -1.342041e+00  -2.840579e+00  -1.248861e+00  1.201432e+00   
6.460000e+02    -9.545412e-01  -2.846829e+00  -1.417611e+00  -3.054818e+00  
6.480000e+02    -1.979541e+00  -1.946829e+00  -1.408236e+00  -9.360683e-01  
6.500000e+02    -1.845166e+00  -2.165579e+00  -1.015111e+00  -1.714193e+00  
6.520000e+02    -1.801416e+00  -1.009329e+00  -1.568861e+00  -5.329433e-01  
6.540000e+02    -1.217041e+00  -2.315579e+00  -1.746986e+00  -3.129818e+00  
6.560000e+02    -8.357912e-01  -1.865579e+00  -9.738608e-01  3.108066e-01   
6.580000e+02    -9.670412e-01  -2.409329e+00  -1.446361e+00  -1.404818e+00  
6.600000e+02    -1.001416e+00  -2.103079e+00  -1.375736e+00  -1.489193e+00  
6.620000e+02    -5.170412e-01  -2.509329e+00  -1.643861e+00  -1.676693e+00  
6.640000e+02    -4.607912e-01  -3.296829e+00  -1.518861e+00  2.545566e-01   
6.660000e+02    -6.951662e-01  -1.028079e+00  -1.729486e+00  1.795566e-01   
6.680000e+02    -6.420412e-01  -3.359329e+00  -1.194486e+00  -1.826693e+00  
6.700000e+02    -1.751416e+00  -2.734329e+00  -2.088861e+00  -1.639193e+00  
6.720000e+02    -1.317041e+00  -2.103079e+00  -1.503236e+00  -8.798183e-01  
6.740000e+02    -1.326416e+00  -1.221829e+00  -2.141361e+00  -7.356835e-02  
6.760000e+02    -1.951663e-01  -2.028079e+00  -1.983236e+00  -1.620443e+00  
6.780000e+02    -2.007666e+00  -1.940579e+00  -1.873861e+00  -1.498568e+00  
6.800000e+02    -1.251416e+00  -3.071829e+00  -2.036361e+00  -2.904818e+00  
6.820000e+02    -1.285791e+00  -1.859329e+00  -1.543236e+00  -2.482943e+00  
6.840000e+02    -1.638916e+00  -1.196829e+00  -2.000736e+00  -2.745443e+00  
6.860000e+02    -5.357912e-01  -3.190579e+00  -1.613861e+00  -1.067318e+00  
6.880000e+02    -1.692041e+00  -2.084329e+00  -1.815736e+00  -8.610683e-01  
6.900000e+02    -1.492041e+00  -1.703079e+00  -1.844486e+00  4.045566e-01   
6.920000e+02    -1.845166e+00  -3.165579e+00  -1.766986e+00  -2.891933e-01  
6.940000e+02    -1.663916e+00  -2.090579e+00  -1.799486e+00  -2.473568e+00  
6.960000e+02    -2.095166e+00  -2.621829e+00  -1.898861e+00  -2.154818e+00  
6.980000e+02    -9.920412e-01  -1.865579e+00  -1.256361e+00  -1.911068e+00  
7.000000e+02    -2.413916e+00  -1.915579e+00  -1.763861e+00  -1.526693e+00  
7.020000e+02    -1.404541e+00  -2.959329e+00  -2.206361e+00  -2.145443e+00  
7.040000e+02    -1.507666e+00  -1.928079e+00  -1.678236e+00  -7.860683e-01  
7.060000e+02    -1.463916e+00  -2.409329e+00  -2.505736e+00  -2.764193e+00  
7.080000e+02    -1.567041e+00  -1.428079e+00  -1.747611e+00  1.608066e-01   
7.100000e+02    -1.320166e+00  -3.003079e+00  -1.990111e+00  -3.548183e-01  
7.120000e+02    -1.467041e+00  -1.140579e+00  -1.546361e+00  -2.220443e+00  
7.140000e+02    -1.854541e+00  -2.534329e+00  -1.312611e+00  -1.807943e+00  
7.160000e+02    -1.707666e+00  -1.578079e+00  -1.680111e+00  -1.123568e+00  
7.180000e+02    -1.851416e+00  -2.078079e+00  -1.950736e+00  -2.032943e+00  
7.200000e+02    -1.904541e+00  -2.059329e+00  -1.465736e+00  -1.986068e+00  
7.220000e+02    -1.504541e+00  -3.303079e+00  -1.691986e+00  1.889316e-01   
7.240000e+02    -1.367041e+00  -1.678079e+00  -1.696361e+00  -1.451693e+00  
7.260000e+02    -5.357912e-01  -3.371829e+00  -1.166986e+00  -1.016933e-01  
7.280000e+02    -2.301416e+00  -3.328079e+00  -2.443236e+00  -1.226693e+00  
7.300000e+02    -1.079541e+00  -2.971829e+00  -1.472611e+00  -1.901693e+00  
7.320000e+02    -1.382666e+00  -2.028079e+00  -1.566361e+00  -3.139193e+00  
7.340000e+02    -1.654541e+00  -3.290579e+00  -1.888861e+00  -2.061068e+00  
7.360000e+02    -1.885791e+00  -2.690579e+00  -1.398236e+00  -1.204433e-01  
7.380000e+02    -9.576662e-01  -3.678079e+00  -1.926986e+00  -1.920443e+00  
7.400000e+02    -1.245166e+00  -1.965579e+00  -2.095736e+00  -2.736068e+00  
7.420000e+02    -1.188916e+00  -2.090579e+00  -1.470736e+00  -9.548183e-01  
7.440000e+02    -1.617041e+00  -2.159329e+00  -2.237611e+00  -2.286068e+00  
7.460000e+02    -3.420412e-01  -2.784329e+00  -2.009486e+00  -3.636068e+00  
7.480000e+02    -1.798291e+00  -2.290579e+00  -1.213861e+00  -8.891933e-01  
7.500000e+02    -1.779541e+00  -1.878079e+00  -2.038861e+00  -1.217318e+00  
7.520000e+02    -8.170412e-01  -2.853079e+00  -1.950736e+00  1.080665e-02   
7.540000e+02    -1.554541e+00  -9.905788e-01  -2.014486e+00  -1.573568e+00  
7.560000e+02    -2.007666e+00  -2.340579e+00  -1.525736e+00  -1.704818e+00  
7.580000e+02    -1.042041e+00  -1.209329e+00  -1.573236e+00  -2.342318e+00  
7.600000e+02    -1.492041e+00  -2.784329e+00  -1.904486e+00  -1.311068e+00  
7.620000e+02    -1.420166e+00  -1.190579e+00  -2.033861e+00  -1.498568e+00  
7.640000e+02    -1.967041e+00  -2.284329e+00  -1.581986e+00  -1.264193e+00  
7.660000e+02    -2.267041e+00  -2.015579e+00  -1.888861e+00  -1.826693e+00  
7.680000e+02    -1.667041e+00  -1.934329e+00  -2.100736e+00  -2.576693e+00  
7.700000e+02    -1.551416e+00  -2.428079e+00  -1.690111e+00  -8.048183e-01  
7.720000e+02    -1.595166e+00  -2.459329e+00  -1.739486e+00  -1.320443e+00  
7.740000e+02    -1.376416e+00  -1.990579e+00  -1.510736e+00  -1.611068e+00  
7.760000e+02    -8.357912e-01  -3.303079e+00  -2.046986e+00  -2.445443e+00  
7.780000e+02    -2.045166e+00  -2.803079e+00  -1.386986e+00  4.233066e-01   
7.800000e+02    -8.764162e-01  -2.046829e+00  -1.760736e+00  1.701816e-01   
7.820000e+02    -1.951416e+00  -3.065579e+00  -1.904486e+00  -2.989193e+00  
7.840000e+02    -4.701662e-01  -3.084329e+00  -1.780111e+00  -3.411068e+00  
7.860000e+02    -1.648291e+00  -3.271829e+00  -2.011986e+00  -9.454433e-01  
7.880000e+02    -2.257666e+00  -2.996829e+00  -1.616361e+00  -1.676693e+00  
7.900000e+02    -1.042041e+00  -2.815579e+00  -2.003236e+00  -1.479818e+00  
7.920000e+02    -1.626416e+00  -2.340579e+00  -1.352611e+00  -1.860683e-01  
7.940000e+02    -1.682666e+00  -2.853079e+00  -1.961986e+00  -2.295443e+00  
7.960000e+02    -1.076416e+00  -1.365579e+00  -1.191986e+00  -9.641933e-01  
7.980000e+02    -5.139162e-01  -3.146829e+00  -2.060736e+00  -1.901693e+00  
8.000000e+02    -1.548291e+00  -2.259329e+00  -1.393861e+00  -3.757943e+00  
8.020000e+02    -1.470166e+00  -2.846829e+00  -1.278236e+00  -1.095443e+00  
8.040000e+02    -2.438916e+00  -2.155788e-01  -2.310736e+00  -2.717318e+00  
8.060000e+02    -1.320166e+00  -1.665579e+00  -1.702611e+00  -9.231835e-02  
8.080000e+02    -9.607912e-01  -2.534329e+00  -1.738236e+00  -1.423568e+00  
8.100000e+02    -1.398291e+00  -1.834329e+00  -2.234486e+00  -8.516933e-01  
8.120000e+02    -1.510791e+00  -3.259329e+00  -1.584486e+00  -1.789193e+00  
8.140000e+02    -7.357912e-01  -2.946829e+00  -2.101361e+00  -2.201693e+00  
8.160000e+02    -1.642041e+00  -2.046829e+00  -1.955736e+00  -2.070443e+00  
8.180000e+02    -1.535791e+00  -2.153079e+00  -1.697611e+00  4.139316e-01   
8.200000e+02    -1.023291e+00  -2.084329e+00  -1.793861e+00  -2.145443e+00  
8.220000e+02    -1.663916e+00  -2.090579e+00  -1.948236e+00  -2.229818e+00  
8.240000e+02    -2.135791e+00  -3.340579e+00  -1.121986e+00  -1.095443e+00  
8.260000e+02    -1.317041e+00  -3.709329e+00  -1.775736e+00  -3.814193e+00  
8.280000e+02    -2.085791e+00  -2.553079e+00  -1.548861e+00  -9.548183e-01  
8.300000e+02    -1.054541e+00  -2.915579e+00  -1.836986e+00  1.139316e-01   
8.320000e+02    -1.517041e+00  -2.265579e+00  -1.899486e+00  -1.911068e+00  
8.340000e+02    -1.560791e+00  -3.215579e+00  -2.088861e+00  -2.604818e+00  
8.360000e+02    -1.707666e+00  -1.934329e+00  -1.518236e+00  -1.067318e+00  
8.380000e+02    -1.657666e+00  -3.040579e+00  -1.743236e+00  -2.070443e+00  
8.400000e+02    -1.351416e+00  -3.209329e+00  -1.456361e+00  -8.048183e-01  
8.420000e+02    -1.732666e+00  -3.128079e+00  -2.168861e+00  -8.235683e-01  
8.440000e+02    -2.457666e+00  -2.696829e+00  -1.365736e+00  -1.554818e+00  
8.460000e+02    -2.167041e+00  -2.403079e+00  -1.499486e+00  -2.923568e+00  
8.480000e+02    -1.267041e+00  -1.803079e+00  -1.910736e+00  -1.414193e+00  
8.500000e+02    -1.432666e+00  -1.621829e+00  -1.776361e+00  -4.086068e+00  
8.520000e+02    -9.826662e-01  -3.103079e+00  -1.768236e+00  -2.079818e+00  
8.540000e+02    -4.951662e-01  -9.968288e-01  -1.494486e+00  -1.695443e+00  
8.560000e+02    -1.557666e+00  -2.478079e+00  -1.837611e+00  -8.423183e-01  
8.580000e+02    -1.288916e+00  -2.415579e+00  -2.197611e+00  -2.323568e+00  
8.600000e+02    -1.367041e+00  -3.378079e+00  -1.925736e+00  3.670566e-01   
8.620000e+02    -1.429541e+00  -2.678079e+00  -1.073236e+00  -1.554818e+00  
8.640000e+02    -1.013916e+00  -1.359329e+00  -1.925111e+00  -1.611068e+00  
8.660000e+02    -1.501416e+00  -2.209329e+00  -1.806361e+00  -1.179818e+00  
8.680000e+02    -1.013916e+00  -1.884329e+00  -1.761361e+00  -1.029818e+00  
8.700000e+02    -1.542041e+00  -2.178079e+00  -1.950111e+00  -1.207943e+00  
8.720000e+02    -8.670412e-01  -2.990579e+00  -1.810736e+00  -1.957943e+00  
8.740000e+02    -1.420166e+00  -1.809329e+00  -1.958861e+00  -1.723568e+00  
8.760000e+02    -1.360791e+00  -2.465579e+00  -1.988236e+00  -2.782943e+00  
8.780000e+02    -1.635791e+00  -3.515579e+00  -2.075736e+00  -2.745443e+00  
8.800000e+02    -1.092041e+00  -1.784329e+00  -1.566361e+00  -2.314193e+00  
8.820000e+02    -1.154541e+00  -2.309329e+00  -1.829486e+00  -2.276693e+00  
8.840000e+02    -9.139162e-01  -2.934329e+00  -1.875736e+00  -2.520443e+00  
8.860000e+02    -1.467041e+00  -2.565579e+00  -1.791986e+00  -1.517318e+00  
8.880000e+02    -1.638916e+00  -3.059329e+00  -2.240736e+00  -1.807943e+00  
8.900000e+02    -1.595166e+00  -1.928079e+00  -1.859486e+00  1.514316e-01   
8.920000e+02    -9.139162e-01  -2.646829e+00  -2.112611e+00  -3.064193e+00  
8.940000e+02    -1.767041e+00  -2.934329e+00  -1.977611e+00  -2.098568e+00  
8.960000e+02    -1.948291e+00  -3.709329e+00  -1.658236e+00  -1.845443e+00  
8.980000e+02    -2.435791e+00  -1.065579e+00  -2.110111e+00  -2.436068e+00  
9.000000e+02    -1.504541e+00  -2.490579e+00  -1.808236e+00  -3.735683e-01  
9.020000e+02    -1.398291e+00  -2.446829e+00  -1.435111e+00  -1.929818e+00  
9.040000e+02    -2.220166e+00  -1.315579e+00  -2.066361e+00  9.483066e-01   
9.060000e+02    -1.207666e+00  -2.321829e+00  -2.172611e+00  -1.854818e+00  
9.080000e+02    -1.413916e+00  -2.353079e+00  -1.791986e+00  -1.564193e+00  
9.100000e+02    -2.451416e+00  -2.871829e+00  -2.241361e+00  -4.020443e+00  
9.120000e+02    -1.535791e+00  -3.121829e+00  -1.569486e+00  -9.641933e-01  
9.140000e+02    -2.145166e+00  -1.990579e+00  -2.309486e+00  -3.157943e+00  
9.160000e+02    -1.438916e+00  -2.903079e+00  -1.541361e+00  -8.235683e-01  
9.180000e+02    -1.501416e+00  -2.178079e+00  -1.915736e+00  -1.892318e+00  
9.200000e+02    -1.251416e+00  -1.915579e+00  -1.533861e+00  -1.404818e+00  
9.220000e+02    -1.082666e+00  -4.315579e+00  -2.646361e+00  -1.929818e+00  
9.240000e+02    -7.514162e-01  -1.984329e+00  -1.378861e+00  5.733066e-01   
9.260000e+02    -9.326662e-01  -2.434329e+00  -2.090111e+00  -2.679818e+00  
9.280000e+02    -1.601416e+00  -3.309329e+00  -1.780736e+00  -1.629818e+00  
9.300000e+02    -6.639162e-01  -3.421829e+00  -1.941986e+00  -2.539193e+00  
9.320000e+02    -1.476416e+00  -2.909329e+00  -1.805736e+00  -1.442318e+00  
9.340000e+02    -2.095166e+00  -2.734329e+00  -1.735111e+00  -2.726693e+00  
9.360000e+02    -5.732912e-01  -2.946829e+00  -2.321361e+00  -1.011068e+00  
9.380000e+02    -2.401416e+00  -3.840579e+00  -1.487611e+00  3.201816e-01   
9.400000e+02    -1.295166e+00  -3.465579e+00  -2.384486e+00  -1.770443e+00  
9.420000e+02    -9.264162e-01  -1.853079e+00  -1.889486e+00  -9.735683e-01  
9.440000e+02    -1.285791e+00  -2.746829e+00  -2.010111e+00  -1.086068e+00  
9.460000e+02    -1.682666e+00  -2.015579e+00  -1.366986e+00  -1.498568e+00  
9.480000e+02    -1.954541e+00  -3.228079e+00  -1.894486e+00  -1.592318e+00  
9.500000e+02    -6.357912e-01  -3.165579e+00  -2.110736e+00  -9.173183e-01  
9.520000e+02    -1.476416e+00  -2.971829e+00  -1.746986e+00  -1.892318e+00  
9.540000e+02    -1.429541e+00  -2.134329e+00  -1.867611e+00  -1.161068e+00  
9.560000e+02    -2.317041e+00  -3.071829e+00  -1.646986e+00  -1.995443e+00  
9.580000e+02    -1.813916e+00  -3.159329e+00  -2.092611e+00  -8.235683e-01  
9.600000e+02    -2.354541e+00  -2.759329e+00  -2.681986e+00  -2.801693e+00  
9.620000e+02    -2.154541e+00  -3.209329e+00  -1.724486e+00  -1.011068e+00  
9.640000e+02    -2.342041e+00  -2.340579e+00  -2.100111e+00  -3.454433e-01  
9.660000e+02    -1.707666e+00  -2.784329e+00  -2.220111e+00  -1.817318e+00  
9.680000e+02    -1.482666e+00  -2.853079e+00  -1.896986e+00  -8.329433e-01  
9.700000e+02    -1.660791e+00  -2.959329e+00  -1.528861e+00  -5.481835e-02  
9.720000e+02    -4.639162e-01  -3.840579e+00  -1.669486e+00  -4.860683e-01  
9.740000e+02    -1.507666e+00  -2.640579e+00  -1.926986e+00  -1.414193e+00  
9.760000e+02    -1.370166e+00  -2.884329e+00  -1.836361e+00  -2.492318e+00  
9.780000e+02    -1.685791e+00  -3.309329e+00  -1.722611e+00  -2.979818e+00  
9.800000e+02    -1.585791e+00  -2.009329e+00  -2.573236e+00  1.514316e-01   
9.820000e+02    -1.820166e+00  -2.859329e+00  -1.425111e+00  -2.876693e+00  
9.840000e+02    -1.351416e+00  -2.690579e+00  -2.233236e+00  -4.860683e-01  
9.860000e+02    -1.617041e+00  -2.815579e+00  -1.800736e+00  -2.932943e+00  
9.880000e+02    -1.088916e+00  -3.503079e+00  -2.172611e+00  -2.586068e+00  
9.900000e+02    -1.985791e+00  -2.296829e+00  -1.665111e+00  -2.891933e-01  
9.920000e+02    -1.432666e+00  -2.821829e+00  -2.643861e+00  -3.345443e+00  
9.940000e+02    -6.639162e-01  -1.265579e+00  -1.693861e+00  -8.235683e-01  
9.960000e+02    -7.107912e-01  -2.346829e+00  -1.381361e+00  -6.079433e-01  
9.980000e+02    -8.326662e-01  -2.346829e+00  -2.125736e+00  -1.376693e+00  
1.000000e+03    -2.001416e+00  -2.553079e+00  -1.578861e+00  -9.454433e-01  
1.002000e+03    -1.595166e+00  -3.121829e+00  -1.661986e+00  -1.207943e+00  
1.004000e+03    -5.232912e-01  -2.240579e+00  -1.757611e+00  -2.764193e+00  
1.006000e+03    -1.217041e+00  -2.184329e+00  -1.633236e+00  -1.357943e+00  
1.008000e+03    -1.785791e+00  -3.371829e+00  -2.552611e+00  -1.198568e+00  
1.010000e+03    -1.935791e+00  -3.003079e+00  -1.995111e+00  -1.282943e+00  
1.012000e+03    -2.042041e+00  -2.271829e+00  -2.384486e+00  -4.954433e-01  
1.014000e+03    -2.201416e+00  -2.034329e+00  -1.735736e+00  -1.048568e+00  
1.016000e+03    -2.420413e-01  -3.071829e+00  -2.007611e+00  2.358066e-01   
1.018000e+03    -2.126416e+00  -3.015579e+00  -1.858861e+00  -1.217318e+00  
1.020000e+03    -1.735791e+00  -1.809329e+00  -1.641986e+00  1.889316e-01   
1.022000e+03    -1.210791e+00  -2.846829e+00  -1.963861e+00  -6.829433e-01  
1.024000e+03    -1.613916e+00  -2.646829e+00  -1.925111e+00  -2.895443e+00  
1.026000e+03    -1.442041e+00  -2.840579e+00  -2.373236e+00  -2.548568e+00  
1.028000e+03    -2.382666e+00  -3.303079e+00  -1.509486e+00  -1.766933e-01  
1.030000e+03    -1.688916e+00  -2.103079e+00  -2.308861e+00  -1.911068e+00  
1.032000e+03    -2.423291e+00  -3.128079e+00  -1.912611e+00  -4.579433e-01  
1.034000e+03    -2.276416e+00  -2.890579e+00  -2.265736e+00  -1.723568e+00  
1.036000e+03    -6.920412e-01  -2.809329e+00  -1.623861e+00  -1.298183e-01  
1.038000e+03    -2.045166e+00  -3.303079e+00  -1.536986e+00  -1.892318e+00  
1.040000e+03    -1.770166e+00  -1.821829e+00  -2.226361e+00  1.139316e-01   
1.042000e+03    -1.220166e+00  -3.946829e+00  -2.357611e+00  -1.657943e+00  
1.044000e+03    -2.010791e+00  -2.084329e+00  -1.921361e+00  -4.217318e+00  
1.046000e+03    -1.960791e+00  -1.984329e+00  -1.942611e+00  -7.954433e-01  
1.048000e+03    -1.460791e+00  -1.840579e+00  -1.645736e+00  -2.764193e+00  
1.050000e+03    -1.817041e+00  -3.409329e+00  -1.700111e+00  -1.376693e+00  
1.052000e+03    -1.779541e+00  -2.621829e+00  -2.265736e+00  -1.742318e+00  
1.054000e+03    -8.264162e-01  -2.978079e+00  -1.910111e+00  -1.836068e+00  
1.056000e+03    -1.973291e+00  -2.509329e+00  -1.694486e+00  -2.004818e+00  
1.058000e+03    -2.026416e+00  -3.240579e+00  -1.746361e+00  -1.704818e+00  
1.060000e+03    -7.045412e-01  -2.278079e+00  -1.968236e+00  -3.026693e+00  
1.062000e+03    -1.638916e+00  -2.934329e+00  -1.318236e+00  2.264316e-01   
1.064000e+03    -2.179541e+00  -1.909329e+00  -2.570736e+00  -2.595443e+00  
1.066000e+03    -1.257666e+00  -3.046829e+00  -1.392611e+00  -2.773568e+00  
1.068000e+03    -1.442041e+00  -3.921829e+00  -1.823861e+00  -2.704433e-01  
1.070000e+03    -4.920412e-01  -1.903079e+00  -1.720111e+00  -1.845443e+00  
1.072000e+03    -2.004541e+00  -2.321829e+00  -1.620736e+00  -1.582943e+00  
1.074000e+03    -1.817041e+00  -4.015579e+00  -2.249486e+00  -2.173568e+00  
1.076000e+03    -1.863916e+00  -3.709329e+00  -1.883236e+00  -1.011068e+00  
1.078000e+03    -1.479541e+00  -2.740579e+00  -1.921361e+00  -2.098568e+00  
1.080000e+03    -1.773291e+00  -2.184329e+00  -2.461361e+00  -1.395443e+00  
1.082000e+03    -4.607912e-01  -3.140579e+00  -1.668236e+00  -2.798183e-01  
1.084000e+03    -2.376416e+00  -3.815579e+00  -1.413861e+00  -3.641933e-01  
1.086000e+03    -1.773291e+00  -3.059329e+00  -1.868861e+00  -8.704433e-01  
1.088000e+03    -1.045166e+00  -1.853079e+00  -2.198861e+00  -8.798183e-01  
1.090000e+03    -1.876416e+00  -3.196829e+00  -2.184486e+00  -8.891933e-01  
1.092000e+03    -1.332666e+00  -3.353079e+00  -1.851361e+00  -1.479818e+00  
1.094000e+03    -2.285791e+00  -1.353079e+00  -1.793236e+00  -1.245443e+00  
1.096000e+03    -1.742041e+00  -2.309329e+00  -1.408861e+00  -1.451693e+00  
1.098000e+03    -2.010791e+00  -3.290579e+00  -1.964486e+00  -2.736068e+00  
1.100000e+03    -1.298291e+00  -1.828079e+00  -2.176361e+00  -1.573568e+00  
1.102000e+03    -2.145166e+00  -2.478079e+00  -2.276361e+00  -1.001693e+00  
1.104000e+03    -1.129541e+00  -3.065579e+00  -1.890736e+00  -1.423568e+00  
1.106000e+03    -1.426416e+00  -2.796829e+00  -1.865111e+00  -1.479818e+00  
1.108000e+03    -2.335791e+00  -1.940579e+00  -2.101361e+00  -2.614193e+00  
1.110000e+03    -1.420166e+00  -3.309329e+00  -2.026361e+00  -9.923183e-01  
1.112000e+03    -1.585791e+00  -2.909329e+00  -2.040111e+00  -2.164193e+00  
1.114000e+03    -1.901416e+00  -2.865579e+00  -1.856361e+00  -1.986068e+00  
1.116000e+03    -1.370166e+00  -4.009329e+00  -1.846361e+00  -1.761068e+00  
1.118000e+03    -2.417041e+00  -1.878079e+00  -1.879486e+00  -1.123568e+00  
1.120000e+03    -1.310791e+00  -2.703079e+00  -1.960111e+00  -5.141933e-01  
1.122000e+03    -9.889162e-01  -3.253079e+00  -1.389486e+00  -3.641933e-01  
1.124000e+03    -1.617041e+00  -3.115579e+00  -1.666361e+00  -4.348568e+00  
1.126000e+03    -1.107666e+00  -1.946829e+00  -1.956361e+00  -2.679818e+00  
1.128000e+03    -1.313916e+00  -3.453079e+00  -1.549486e+00  -9.641933e-01  
1.130000e+03    -1.301416e+00  -2.740579e+00  -1.868861e+00  -2.792318e+00  
1.132000e+03    -2.204541e+00  -2.534329e+00  -1.950111e+00  -2.726693e+00  
1.134000e+03    -1.838916e+00  -2.003079e+00  -2.455736e+00  -2.970443e+00  
1.136000e+03    -1.935791e+00  -2.553079e+00  -2.133861e+00  -1.170443e+00  
1.138000e+03    -1.376416e+00  -1.471829e+00  -2.103236e+00  -1.142318e+00  
1.140000e+03    -1.960791e+00  -3.365579e+00  -2.093861e+00  -9.266933e-01  
1.142000e+03    -1.198291e+00  -2.709329e+00  -2.335111e+00  -2.173568e+00  
1.144000e+03    -1.207666e+00  -2.015579e+00  -1.866986e+00  -1.442318e+00  
1.146000e+03    -2.642041e+00  -2.821829e+00  -1.991361e+00  -1.976693e+00  
1.148000e+03    -9.389162e-01  -2.090579e+00  -1.412611e+00  -1.086068e+00  
1.150000e+03    -1.560791e+00  -1.284329e+00  -1.887611e+00  -1.367318e+00  
1.152000e+03    -2.126416e+00  -2.290579e+00  -1.946361e+00  2.358066e-01   
1.154000e+03    -1.629541e+00  -3.028079e+00  -2.245111e+00  -3.092318e+00  
1.156000e+03    -2.042041e+00  -2.421829e+00  -1.967611e+00  -1.742318e+00  
1.158000e+03    -1.773291e+00  -2.871829e+00  -2.634486e+00  -2.445443e+00  
1.160000e+03    -2.026416e+00  -2.096829e+00  -2.013236e+00  -1.732943e+00  
1.162000e+03    -2.170166e+00  -3.159329e+00  -1.846986e+00  -1.357943e+00  
1.164000e+03    -2.495166e+00  -3.403079e+00  -1.820736e+00  -1.723568e+00  
1.166000e+03    -2.207666e+00  -2.184329e+00  -1.967611e+00  -1.367318e+00  
1.168000e+03    -1.410791e+00  -4.071829e+00  -1.732611e+00  -1.901693e+00  
1.170000e+03    -1.667041e+00  -2.678079e+00  -2.578236e+00  -2.623568e+00  
1.172000e+03    -1.710791e+00  -2.771829e+00  -1.750736e+00  -1.723568e+00  
1.174000e+03    -1.401416e+00  -2.871829e+00  -2.452611e+00  -4.485683e-01  
1.176000e+03    -2.007666e+00  -1.384329e+00  -1.269486e+00  -2.895443e+00  
1.178000e+03    -9.951662e-01  -2.303079e+00  -1.782611e+00  -2.192318e+00  
1.180000e+03    -1.632666e+00  -2.859329e+00  -1.388236e+00  -2.482943e+00  
1.182000e+03    -1.298291e+00  -2.796829e+00  -2.116986e+00  -1.217318e+00  
1.184000e+03    -1.657666e+00  -1.865579e+00  -1.903236e+00  -1.386068e+00  
1.186000e+03    -1.285791e+00  -2.378079e+00  -2.135111e+00  -5.141933e-01  
1.188000e+03    -2.779541e+00  -1.603079e+00  -2.379486e+00  -2.923568e+00  
1.190000e+03    -1.298291e+00  -2.509329e+00  -2.060736e+00  -1.001693e+00  
1.192000e+03    -2.389163e-01  -2.021829e+00  -1.716986e+00  -2.516933e-01  
1.194000e+03    -2.026416e+00  -3.078079e+00  -2.060736e+00  -3.064193e+00  
1.196000e+03    -1.329541e+00  -1.821829e+00  -1.981986e+00  -1.995443e+00  
1.198000e+03    -9.514162e-01  -2.465579e+00  -1.375111e+00  -2.586068e+00  
1.200000e+03    -9.420412e-01  -2.553079e+00  -2.213861e+00  -1.207943e+00  
1.202000e+03    -1.838916e+00  -2.421829e+00  -1.328236e+00  1.080665e-02   
1.204000e+03    -2.717041e+00  -1.515579e+00  -2.391986e+00  -1.236068e+00  
1.206000e+03    -1.357666e+00  -4.159329e+00  -1.461361e+00  -2.857943e+00  
1.208000e+03    -1.813916e+00  -2.959329e+00  -2.323861e+00  -9.173183e-01  
1.210000e+03    -1.613916e+00  -2.690579e+00  -2.085111e+00  -3.092318e+00  
1.212000e+03    -1.848291e+00  -3.121829e+00  -1.843861e+00  -1.048568e+00  
1.214000e+03    -1.307666e+00  -2.153079e+00  -2.023236e+00  -2.329433e-01  
1.216000e+03    -1.582666e+00  -1.803079e+00  -1.883236e+00  -1.845443e+00  
1.218000e+03    -1.535791e+00  -1.059329e+00  -2.198236e+00  -1.179818e+00  
1.220000e+03    -1.860791e+00  -2.096829e+00  -1.947611e+00  -8.704433e-01  
1.222000e+03    -1.373291e+00  -2.546829e+00  -1.917611e+00  -2.782943e+00  
1.224000e+03    -2.823291e+00  -3.534329e+00  -1.535111e+00  -9.548183e-01  
1.226000e+03    -1.310791e+00  -2.165579e+00  -2.248861e+00  -3.120443e+00  
1.228000e+03    -2.307666e+00  -2.390579e+00  -2.068861e+00  -2.332943e+00  
1.230000e+03    -2.092041e+00  -2.471829e+00  -2.062611e+00  -1.554818e+00  
1.232000e+03    -2.067041e+00  -1.790579e+00  -1.743236e+00  -2.257943e+00  
1.234000e+03    -1.726416e+00  -4.071829e+00  -2.668236e+00  -1.039193e+00  
1.236000e+03    -1.948291e+00  -1.959329e+00  -1.521986e+00  -2.891933e-01  
1.238000e+03    -2.042041e+00  -2.021829e+00  -1.890111e+00  -4.544335e-02  
1.240000e+03    -1.938916e+00  -3.065579e+00  -1.555111e+00  -1.273568e+00  
1.242000e+03    -2.110791e+00  -2.678079e+00  -1.661986e+00  -1.076693e+00  
1.244000e+03    -2.370166e+00  -1.796829e+00  -1.655111e+00  -2.201693e+00  
1.246000e+03    -1.329541e+00  -2.846829e+00  -1.927611e+00  -8.704433e-01  
1.248000e+03    -1.854541e+00  -2.134329e+00  -2.139486e+00  2.733066e-01   
1.250000e+03    -1.410791e+00  -2.234329e+00  -2.168236e+00  -1.016933e-01  
1.252000e+03    -1.298291e+00  -1.771829e+00  -1.395736e+00  -6.735683e-01  
1.254000e+03    -1.067041e+00  -3.034329e+00  -2.082611e+00  -9.231835e-02  
1.256000e+03    -1.085791e+00  -2.821829e+00  -2.554486e+00  -1.629818e+00  
1.258000e+03    -2.857912e-01  -2.103079e+00  -1.743861e+00  -8.985683e-01  
1.260000e+03    -1.307666e+00  -2.615579e+00  -1.877611e+00  -1.611068e+00  
1.262000e+03    -1.126416e+00  -2.784329e+00  -2.090111e+00  -5.048183e-01  
1.264000e+03    -9.201662e-01  -1.959329e+00  -1.445736e+00  -1.282943e+00  
1.266000e+03    -1.879541e+00  -3.378079e+00  -1.954486e+00  -2.061068e+00  
1.268000e+03    -7.045412e-01  -1.134329e+00  -1.842611e+00  -1.451693e+00  
1.270000e+03    -1.007666e+00  -2.659329e+00  -1.753861e+00  -2.304818e+00  
1.272000e+03    -2.035791e+00  -2.984329e+00  -2.513236e+00  -1.170443e+00  
1.274000e+03    -1.254541e+00  -4.159329e+00  -1.978861e+00  -1.095443e+00  
1.276000e+03    -1.388916e+00  -2.871829e+00  -2.014486e+00  -2.211068e+00  
1.278000e+03    -1.657666e+00  -2.584329e+00  -2.043236e+00  -1.161068e+00  
1.280000e+03    -1.492041e+00  -3.015579e+00  -2.181986e+00  -1.592318e+00  
1.282000e+03    -2.017041e+00  -1.303079e+00  -2.008236e+00  -1.423568e+00  
1.284000e+03    -1.288916e+00  -2.340579e+00  -1.268236e+00  -1.217318e+00  
1.286000e+03    -1.498291e+00  -2.203079e+00  -2.302611e+00  4.233066e-01   
1.288000e+03    -9.764162e-01  -3.959329e+00  -2.113236e+00  -1.667318e+00  
1.290000e+03    -2.120166e+00  -2.871829e+00  -2.133236e+00  -8.329433e-01  
1.292000e+03    -1.582666e+00  -2.934329e+00  -1.394486e+00  -1.686068e+00  
1.294000e+03    -2.385791e+00  -2.684329e+00  -1.900736e+00  -2.886068e+00  
1.296000e+03    -2.523291e+00  -2.053079e+00  -1.858236e+00  4.045566e-01   
1.298000e+03    -1.295166e+00  -2.140579e+00  -1.496986e+00  -3.082943e+00  
1.300000e+03    -1.535791e+00  -2.240579e+00  -1.776986e+00  -2.623568e+00  
1.302000e+03    -1.926416e+00  -1.646829e+00  -1.497611e+00  -1.386068e+00  
1.304000e+03    -1.607666e+00  -3.346829e+00  -2.520111e+00  -2.614193e+00  
1.306000e+03    -3.120166e+00  -2.115579e+00  -2.139486e+00  -1.029818e+00  
1.308000e+03    -1.285791e+00  -2.896829e+00  -1.400736e+00  -1.320443e+00  
1.310000e+03    -1.957666e+00  -3.740579e+00  -1.940736e+00  -3.036068e+00  
1.312000e+03    -1.029541e+00  -1.865579e+00  -1.780736e+00  -2.032943e+00  
1.314000e+03    -1.095166e+00  -2.934329e+00  -2.003236e+00  -1.198568e+00  
1.316000e+03    -2.282666e+00  -3.065579e+00  -2.081361e+00  -9.079433e-01  
1.318000e+03    -1.251416e+00  -3.084329e+00  -1.583861e+00  -1.582943e+00  
1.320000e+03    -1.604541e+00  -2.028079e+00  -2.576986e+00  -1.882943e+00  
1.322000e+03    -1.663916e+00  -2.059329e+00  -1.626361e+00  -2.516933e-01  
1.324000e+03    -1.448291e+00  -3.240579e+00  -1.941986e+00  -3.054818e+00  
1.326000e+03    -1.113916e+00  -2.165579e+00  -1.768236e+00  -1.770443e+00  
1.328000e+03    -1.357666e+00  -2.653079e+00  -1.744486e+00  -8.235683e-01  
1.330000e+03    -8.701662e-01  -2.634329e+00  -2.230736e+00  -1.873568e+00  
1.332000e+03    -2.010791e+00  -2.965579e+00  -2.262611e+00  -4.766933e-01  
1.334000e+03    -7.607912e-01  -1.209329e+00  -1.795736e+00  5.264316e-01   
1.336000e+03    -1.092041e+00  -3.065579e+00  -1.661986e+00  -3.111068e+00  
1.338000e+03    -1.842041e+00  -2.009329e+00  -1.811986e+00  -2.811068e+00  
1.340000e+03    -1.723291e+00  -2.840579e+00  -2.231986e+00  -1.001693e+00  
1.342000e+03    -2.104541e+00  -2.253079e+00  -1.852611e+00  -1.423568e+00  
1.344000e+03    -1.382666e+00  -3.290579e+00  -1.664486e+00  -2.529818e+00  
1.346000e+03    -1.242041e+00  -2.909329e+00  -1.918861e+00  -1.367318e+00  
1.348000e+03    -1.626416e+00  -2.659329e+00  -1.837611e+00  -1.954433e-01  
1.350000e+03    -1.095166e+00  -1.784329e+00  -1.710111e+00  -1.714193e+00  
1.352000e+03    -1.532666e+00  -3.265579e+00  -1.813861e+00  -1.339193e+00  
1.354000e+03    -1.145166e+00  -2.753079e+00  -1.767611e+00  3.670566e-01   
1.356000e+03    -1.998291e+00  -1.803079e+00  -1.982611e+00  -1.057943e+00  
1.358000e+03    -1.642041e+00  -2.509329e+00  -1.832611e+00  -9.079433e-01  
1.360000e+03    -2.017041e+00  -2.465579e+00  -2.235736e+00  -1.189193e+00  
1.362000e+03    -1.948291e+00  -3.634329e+00  -1.568236e+00  -1.639193e+00  
1.364000e+03    -2.445166e+00  -3.565579e+00  -1.953861e+00  -1.579433e-01  
1.366000e+03    -1.351416e+00  -1.940579e+00  -2.159486e+00  -6.829433e-01  
1.368000e+03    -4.670412e-01  -3.071829e+00  -1.647611e+00  -1.629818e+00  
1.370000e+03    -1.388916e+00  -2.584329e+00  -1.645736e+00  -1.657943e+00  
1.372000e+03    -1.613916e+00  -3.315579e+00  -1.921986e+00  1.080665e-02   
1.374000e+03    -1.548291e+00  -1.921829e+00  -1.750736e+00  -2.764193e+00  
1.376000e+03    -2.142041e+00  -3.321829e+00  -1.767611e+00  -2.516933e-01  
1.378000e+03    -1.642041e+00  -2.090579e+00  -2.281986e+00  -3.045443e+00  
1.380000e+03    -1.301416e+00  -2.903079e+00  -1.736361e+00  -1.001693e+00  
1.382000e+03    -1.926416e+00  -2.328079e+00  -2.298236e+00  1.889316e-01   
1.384000e+03    -1.026416e+00  -2.528079e+00  -1.290111e+00  5.768165e-02   
1.386000e+03    -1.829541e+00  -2.296829e+00  -2.521361e+00  -1.485683e-01  
1.388000e+03    -1.779541e+00  -3.046829e+00  -1.296986e+00  -2.689193e+00  
1.390000e+03    -1.073291e+00  -3.234329e+00  -2.358236e+00  -1.395443e+00  
1.392000e+03    -1.601416e+00  -2.553079e+00  -1.569486e+00  -8.985683e-01  
1.394000e+03    -2.017041e+00  -3.021829e+00  -2.216986e+00  -1.217318e+00  
1.396000e+03    -1.151416e+00  -2.440579e+00  -2.131986e+00  -7.298183e-01  
1.398000e+03    -2.042041e+00  -1.996829e+00  -2.108861e+00  -8.891933e-01  
1.400000e+03    -9.139162e-01  -3.140579e+00  -1.427611e+00  -6.923183e-01  
1.402000e+03    -1.951416e+00  -2.203079e+00  -1.725111e+00  -2.482943e+00  
1.404000e+03    -2.298291e+00  -1.915579e+00  -1.625111e+00  -2.136068e+00  
1.406000e+03    -1.445166e+00  -2.421829e+00  -1.641361e+00  -1.273568e+00  
1.408000e+03    -1.795166e+00  -1.065579e+00  -1.891986e+00  -1.132943e+00  
1.410000e+03    -2.023291e+00  -3.159329e+00  -1.830736e+00  -1.526693e+00  
1.412000e+03    -1.417041e+00  -3.415579e+00  -2.083236e+00  3.858066e-01   
1.414000e+03    -1.998291e+00  -2.646829e+00  -1.348861e+00  -1.882943e+00  
1.416000e+03    -9.732912e-01  -2.309329e+00  -1.589486e+00  4.045566e-01   
1.418000e+03    -1.113916e+00  -2.003079e+00  -1.742611e+00  -1.423568e+00  
1.420000e+03    -1.732666e+00  -3.359329e+00  -2.371361e+00  -1.432943e+00  
1.422000e+03    -2.038916e+00  -2.940579e+00  -1.915111e+00  -8.610683e-01  
1.424000e+03    -1.845166e+00  -3.140579e+00  -1.255736e+00  -1.601693e+00  
1.426000e+03    -2.648291e+00  -1.540579e+00  -1.880111e+00  -2.798183e-01  
1.428000e+03    -1.685791e+00  -3.890579e+00  -2.095736e+00  -2.989193e+00  
1.430000e+03    -2.235791e+00  -2.996829e+00  -2.569486e+00  -1.348568e+00  
1.432000e+03    -1.582666e+00  -2.984329e+00  -2.169486e+00  1.889316e-01   
1.434000e+03    -1.992041e+00  -1.928079e+00  -1.581361e+00  -2.970443e+00  
1.436000e+03    -1.192041e+00  -4.128079e+00  -1.344486e+00  -1.311068e+00  
1.438000e+03    -1.576416e+00  -1.853079e+00  -2.195111e+00  -4.766933e-01  
1.440000e+03    -2.407666e+00  -2.378079e+00  -1.774486e+00  -1.620443e+00  
1.442000e+03    -9.045412e-01  -3.228079e+00  -1.197611e+00  -3.082943e+00  
1.444000e+03    -2.226416e+00  -1.021829e+00  -1.989486e+00  -2.032943e+00  
1.446000e+03    -1.101416e+00  -3.353079e+00  -1.390111e+00  -8.516933e-01  
1.448000e+03    -1.704541e+00  -2.834329e+00  -1.900111e+00  -1.789193e+00  
1.450000e+03    -5.701662e-01  -2.134329e+00  -2.118861e+00  -6.173183e-01  
1.452000e+03    -1.076416e+00  -2.296829e+00  -1.535111e+00  -2.423183e-01  
1.454000e+03    -1.148291e+00  -2.359329e+00  -2.275111e+00  -2.529818e+00  
1.456000e+03    -6.670412e-01  -2.134329e+00  -1.823236e+00  2.920566e-01   
1.458000e+03    -1.148291e+00  -2.909329e+00  -2.010111e+00  -4.298183e-01  
1.460000e+03    -2.301416e+00  -3.009329e+00  -2.315111e+00  -1.948568e+00  
1.462000e+03    -5.732912e-01  -3.153079e+00  -1.383861e+00  -5.235683e-01  
1.464000e+03    -2.192041e+00  -2.296829e+00  -1.245111e+00  -6.548183e-01  
1.466000e+03    -1.310791e+00  -3.109329e+00  -1.567611e+00  -1.686068e+00  
1.468000e+03    -1.398291e+00  -2.690579e+00  -1.963236e+00  -1.882943e+00  
1.470000e+03    -1.782666e+00  -1.915579e+00  -1.856986e+00  -2.482943e+00  
1.472000e+03    -1.423291e+00  -2.371829e+00  -1.634486e+00  -2.464193e+00  
1.474000e+03    -1.445166e+00  -2.390579e+00  -1.343861e+00  8.580665e-02   
1.476000e+03    -1.276416e+00  -3.190579e+00  -2.149486e+00  -4.273568e+00  
1.478000e+03    -8.857912e-01  -1.953079e+00  -2.068861e+00  -8.985683e-01  
1.480000e+03    -2.426416e+00  -2.015579e+00  -1.802611e+00  -1.766933e-01  
1.482000e+03    -1.351416e+00  -2.771829e+00  -1.450736e+00  -1.798568e+00  
1.484000e+03    -1.388916e+00  -2.696829e+00  -2.145736e+00  8.580665e-02   
1.486000e+03    -2.029541e+00  -2.871829e+00  -1.762611e+00  -1.836068e+00  
1.488000e+03    -2.267041e+00  -2.365579e+00  -2.135736e+00  -9.829433e-01  
1.490000e+03    -1.354541e+00  -3.359329e+00  -2.153236e+00  -7.391933e-01  
1.492000e+03    -1.573291e+00  -2.734329e+00  -2.045736e+00  -2.820443e+00  
1.494000e+03    -1.932666e+00  -2.653079e+00  -2.010736e+00  -1.423568e+00  
1.496000e+03    -1.270166e+00  -2.078079e+00  -1.626361e+00  -1.432943e+00  
1.498000e+03    -1.829541e+00  -1.878079e+00  -2.460111e+00  -2.764193e+00  
1.500000e+03    -1.698291e+00  -2.984329e+00  -1.955736e+00  -1.110683e-01  
1.502000e+03    -2.004541e+00  -1.865579e+00  -2.286986e+00  1.088932e+00   
1.504000e+03    -1.385791e+00  -2.753079e+00  -1.885111e+00  -2.979818e+00  
1.506000e+03    -2.792041e+00  -3.340579e+00  -1.743861e+00  3.483066e-01   
1.508000e+03    -1.357666e+00  -1.996829e+00  -1.575736e+00  -1.789193e+00  
1.510000e+03    -1.542041e+00  -2.171829e+00  -1.813236e+00  4.326816e-01   
1.512000e+03    -9.857912e-01  -3.165579e+00  -2.344486e+00  -1.507943e+00  
1.514000e+03    -9.514162e-01  -2.921829e+00  -2.146361e+00  -1.039193e+00  
1.516000e+03    -1.585791e+00  -3.190579e+00  -1.930111e+00  -3.079433e-01  
1.518000e+03    -1.329541e+00  -3.053079e+00  -1.921361e+00  -7.356835e-02  
1.520000e+03    -1.529541e+00  -2.684329e+00  -1.778236e+00  -6.173183e-01  
1.522000e+03    -1.438916e+00  -2.809329e+00  -1.853861e+00  -1.489193e+00  
1.524000e+03    -1.254541e+00  -1.234329e+00  -1.807611e+00  -2.089193e+00  
1.526000e+03    -8.670412e-01  -3.159329e+00  -2.484486e+00  4.139316e-01   
1.528000e+03    -1.485791e+00  -1.959329e+00  -1.869486e+00  -3.064193e+00  
1.530000e+03    -1.213916e+00  -3.315579e+00  -1.648861e+00  -8.704433e-01  
1.532000e+03    -2.010791e+00  -2.384329e+00  -1.618236e+00  -4.579433e-01  
1.534000e+03    -1.176416e+00  -2.084329e+00  -2.135736e+00  -5.235683e-01  
1.536000e+03    -1.704541e+00  -2.953079e+00  -1.898236e+00  -3.064193e+00  
1.538000e+03    -1.042041e+00  -3.146829e+00  -1.871361e+00  -7.673183e-01  
1.540000e+03    -8.670412e-01  -2.015579e+00  -2.238236e+00  -1.582943e+00  
1.542000e+03    -1.413916e+00  -2.790579e+00  -2.257611e+00  -1.264193e+00  
1.544000e+03    -9.795412e-01  -2.021829e+00  -1.689486e+00  -3.064193e+00  
1.546000e+03    -1.323291e+00  -2.328079e+00  -2.155111e+00  -1.329818e+00  
1.548000e+03    -1.429541e+00  -2.759329e+00  -2.060736e+00  -9.829433e-01  
1.550000e+03    -1.338916e+00  -3.790579e+00  -2.035111e+00  -6.923183e-01  
1.552000e+03    -2.048291e+00  -1.965579e+00  -2.093236e+00  -4.860683e-01  
1.554000e+03    -2.085791e+00  -2.284329e+00  -2.516986e+00  -1.714193e+00  
1.556000e+03    -1.782666e+00  -2.546829e+00  -2.258861e+00  -2.801693e+00  
1.558000e+03    -2.392041e+00  -3.246829e+00  -2.817611e+00  -2.164193e+00  
1.560000e+03    -1.313916e+00  -3.434329e+00  -2.518861e+00  -1.104818e+00  
1.562000e+03    -2.304541e+00  -3.840579e+00  -1.465111e+00  -7.673183e-01  
1.564000e+03    -2.379541e+00  -3.671829e+00  -2.787611e+00  -2.820443e+00  
1.566000e+03    -1.657666e+00  -2.646829e+00  -2.706986e+00  -1.995443e+00  
1.568000e+03    -1.432666e+00  -4.734329e+00  -2.675111e+00  -1.967318e+00  
1.570000e+03    -2.992041e+00  -3.628079e+00  -2.623236e+00  -2.145443e+00  
1.572000e+03    -1.301416e+00  -2.896829e+00  -2.788236e+00  -3.448568e+00  
1.574000e+03    -1.479541e+00  -4.546829e+00  -3.130111e+00  -2.061068e+00  
1.576000e+03    -1.617041e+00  -3.721829e+00  -2.726361e+00  -3.682943e+00  
1.578000e+03    -1.779541e+00  -3.821829e+00  -3.186986e+00  -2.773568e+00  
1.580000e+03    -2.263916e+00  -4.115579e+00  -3.217611e+00  -2.848568e+00  
1.582000e+03    -1.895166e+00  -3.678079e+00  -3.448236e+00  -9.641933e-01  
1.584000e+03    -2.260791e+00  -4.784329e+00  -3.355736e+00  -2.229818e+00  
1.586000e+03    -2.263916e+00  -3.615579e+00  -3.499486e+00  -4.948568e+00  
1.588000e+03    -1.926416e+00  -4.084329e+00  -3.365736e+00  -2.014193e+00  
1.590000e+03    -1.460791e+00  -4.915579e+00  -4.220736e+00  -3.814193e+00  
1.592000e+03    -1.935791e+00  -5.003079e+00  -4.244486e+00  -5.136068e+00  
1.594000e+03    -2.767041e+00  -5.246829e+00  -4.395111e+00  -3.682943e+00  
1.596000e+03    -2.582666e+00  -5.340579e+00  -4.598861e+00  -3.532943e+00  
1.598000e+03    -1.820166e+00  -4.521829e+00  -4.850111e+00  -4.920443e+00  
1.600000e+03    -2.807666e+00  -6.384329e+00  -4.741986e+00  -3.917318e+00  
1.602000e+03    -2.948291e+00  -5.840579e+00  -5.211361e+00  -6.317318e+00  
1.604000e+03    -2.792041e+00  -6.240579e+00  -5.806361e+00  -5.004818e+00  
1.606000e+03    -3.273291e+00  -5.940579e+00  -6.255736e+00  -5.276693e+00  
1.608000e+03    -4.151416e+00  -6.934329e+00  -6.426986e+00  -6.739193e+00  
1.610000e+03    -4.282666e+00  -6.871829e+00  -7.030736e+00  -5.932943e+00  
1.612000e+03    -3.851416e+00  -8.090579e+00  -7.319486e+00  -6.879818e+00  
1.614000e+03    -4.651416e+00  -7.484329e+00  -7.983861e+00  -6.448568e+00  
1.616000e+03    -4.888916e+00  -8.646829e+00  -8.400111e+00  -7.170443e+00  
1.618000e+03    -5.501416e+00  -1.104057e+01  -9.012611e+00  -8.154818e+00  
1.620000e+03    -6.060791e+00  -1.074682e+01  -9.997611e+00  -9.992318e+00  
1.622000e+03    -6.151416e+00  -1.252807e+01  -1.093198e+01  -1.019856e+01  
1.624000e+03    -7.154541e+00  -1.373432e+01  -1.191448e+01  -1.246731e+01  
1.626000e+03    -7.626416e+00  -1.463432e+01  -1.296386e+01  -1.281419e+01  
1.628000e+03    -7.738916e+00  -1.564057e+01  -1.395761e+01  -1.302981e+01  
1.630000e+03    -8.417041e+00  -1.712183e+01  -1.593011e+01  -1.614232e+01  
1.632000e+03    -9.448291e+00  -1.902183e+01  -1.602636e+01  -1.411731e+01  
1.634000e+03    -9.270166e+00  -2.107808e+01  -1.738449e+01  -1.752982e+01  
1.636000e+03    -1.072954e+01  -2.100933e+01  -1.743261e+01  -1.739857e+01  
1.638000e+03    -1.182954e+01  -2.285308e+01  -1.744636e+01  -2.091419e+01  
1.640000e+03    -1.218579e+01  -2.416558e+01  -1.744886e+01  -2.224544e+01  
1.642000e+03    -1.362641e+01  -2.635933e+01  -1.744261e+01  -2.124232e+01  
1.644000e+03    -1.442954e+01  -2.675933e+01  -1.744886e+01  -2.135482e+01  
1.646000e+03    -1.432954e+01  -2.772808e+01  -1.744699e+01  -2.353919e+01  
1.648000e+03    -1.522641e+01  -2.947183e+01  -1.744761e+01  -2.413919e+01  
1.650000e+03    -1.527641e+01  -2.849683e+01  -1.744824e+01  -2.425169e+01  
1.652000e+03    -1.628267e+01  -3.006558e+01  -1.744824e+01  -2.407357e+01  
1.654000e+03    -1.624517e+01  -3.110933e+01  -1.744761e+01  -2.565794e+01  
1.656000e+03    -1.634517e+01  -3.244683e+01  -1.744886e+01  -2.679232e+01  
1.658000e+03    -1.645454e+01  -3.274058e+01  -1.744636e+01  -2.639857e+01  
1.660000e+03    -1.664204e+01  -3.260933e+01  -1.744761e+01  -2.687669e+01  
1.662000e+03    -1.724517e+01  -3.487808e+01  -1.744886e+01  -2.814232e+01  
1.664000e+03    -1.772329e+01  -3.310308e+01  -1.744699e+01  -2.838607e+01  
1.666000e+03    -1.735142e+01  -3.414058e+01  -1.744761e+01  -2.752357e+01  
1.668000e+03    -1.764829e+01  -3.472183e+01  -1.744824e+01  -3.102044e+01  
1.670000e+03    -1.878892e+01  -3.380933e+01  -1.744886e+01  -2.844232e+01  
1.672000e+03    -1.885142e+01  -3.522183e+01  -1.744824e+01  -2.892982e+01  
1.674000e+03    -1.851704e+01  -3.697183e+01  -1.744824e+01  -2.858294e+01  
1.676000e+03    -1.863892e+01  -3.619683e+01  -1.744824e+01  -3.077669e+01  
1.678000e+03    -1.927642e+01  -3.653433e+01  -1.744886e+01  -2.980169e+01  
1.680000e+03    -1.926704e+01  -3.567808e+01  -1.744886e+01  -3.179857e+01  
1.682000e+03    -2.037017e+01  -3.692808e+01  -1.744761e+01  -3.133919e+01  
1.684000e+03    -1.973267e+01  -3.906558e+01  -1.744886e+01  -3.253919e+01  
1.686000e+03    -2.106079e+01  -3.870933e+01  -1.744824e+01  -3.297982e+01  
1.688000e+03    -2.131704e+01  -4.106558e+01  -1.744699e+01  -3.391732e+01  
1.690000e+03    -2.207642e+01  -4.089058e+01  -1.744886e+01  -3.787357e+01  
1.692000e+03    -2.166704e+01  -4.312808e+01  -1.744824e+01  -3.605482e+01  
1.694000e+03    -2.351704e+01  -4.430308e+01  -1.744824e+01  -3.793919e+01  
1.696000e+03    -2.329517e+01  -4.553433e+01  -1.744636e+01  -3.982357e+01  
1.698000e+03    -2.430454e+01  -4.717808e+01  -1.744386e+01  -4.084544e+01  
1.700000e+03    -2.483892e+01  -4.964683e+01  -1.744824e+01  -4.243919e+01  
1.702000e+03    -2.501079e+01  -4.940933e+01  -1.744824e+01  -4.306732e+01  
1.704000e+03    -2.590142e+01  -5.101558e+01  -1.744886e+01  -4.426732e+01  
1.706000e+03    -2.625142e+01  -4.995933e+01  -1.744824e+01  -4.598294e+01  
1.708000e+03    -2.582642e+01  -5.212808e+01  -1.744636e+01  -4.681732e+01  
1.710000e+03    -2.611079e+01  -5.268433e+01  -1.744761e+01  -4.710794e+01  
1.712000e+03    -2.676392e+01  -5.372808e+01  -1.744699e+01  -4.541107e+01  
1.714000e+03    -2.618579e+01  -5.353433e+01  -1.744761e+01  -4.826107e+01  
1.716000e+03    -2.765767e+01  -5.576558e+01  -1.744761e+01  -4.925482e+01  
1.718000e+03    -2.852017e+01  -5.897808e+01  -1.744574e+01  -5.321107e+01  
1.720000e+03    -2.901704e+01  -6.115933e+01  -1.744824e+01  -5.481419e+01  
1.722000e+03    -3.161079e+01  -6.362183e+01  -1.744636e+01  -6.133919e+01  
1.724000e+03    -3.137954e+01  -6.698433e+01  -1.744636e+01  -6.197669e+01  
1.726000e+03    -3.339829e+01  -6.818433e+01  -1.744699e+01  -6.749857e+01  
1.728000e+03    -3.424204e+01  -7.126558e+01  -1.744824e+01  -6.872669e+01  
1.730000e+03    -3.531392e+01  -7.143433e+01  -1.744761e+01  -7.039544e+01  
1.732000e+03    -3.544829e+01  -7.115308e+01  -1.744761e+01  -7.230794e+01  
1.734000e+03    -3.446079e+01  -7.270308e+01  -1.744824e+01  -7.388294e+01  
1.736000e+03    -3.457642e+01  -7.194058e+01  -1.744699e+01  -7.296419e+01  
1.738000e+03    -3.497329e+01  -7.141558e+01  -1.744824e+01  -7.233607e+01  
1.740000e+03    -3.442017e+01  -7.169058e+01  -1.744761e+01  -7.075169e+01  
1.742000e+03    -3.511079e+01  -6.988433e+01  -1.744636e+01  -7.151107e+01  
1.744000e+03    -3.457642e+01  -7.032183e+01  -1.744824e+01  -7.046107e+01  
1.746000e+03    -3.370454e+01  -6.925933e+01  -1.744761e+01  -6.973919e+01  
1.748000e+03    -3.430767e+01  -6.960933e+01  -1.744824e+01  -6.989857e+01  
1.750000e+03    -3.345454e+01  -6.800308e+01  -1.744824e+01  -6.864232e+01  
1.752000e+03    -3.315454e+01  -6.759058e+01  -1.744761e+01  -6.709544e+01  
1.754000e+03    -3.352954e+01  -6.635308e+01  -1.744574e+01  -6.702044e+01  
1.756000e+03    -3.300142e+01  -6.421558e+01  -1.744761e+01  -6.573607e+01  
1.758000e+03    -3.237017e+01  -6.575933e+01  -1.744761e+01  -6.477982e+01  
1.760000e+03    -3.206392e+01  -6.521558e+01  -1.744886e+01  -6.249232e+01  
1.762000e+03    -3.153579e+01  -6.524058e+01  -1.744761e+01  -6.267982e+01  
1.764000e+03    -3.078267e+01  -6.388433e+01  -1.744574e+01  -6.260482e+01  
1.766000e+03    -3.029204e+01  -6.409058e+01  -1.744636e+01  -6.128294e+01  
1.768000e+03    -3.126704e+01  -6.327808e+01  -1.744699e+01  -6.311107e+01  
1.770000e+03    -3.007954e+01  -6.136558e+01  -1.744761e+01  -6.081419e+01  
1.772000e+03    -2.981079e+01  -6.295933e+01  -1.744824e+01  -5.884544e+01  
1.774000e+03    -3.037017e+01  -6.100933e+01  -1.744824e+01  -5.909857e+01  
1.776000e+03    -2.858267e+01  -5.878433e+01  -1.744761e+01  -5.813294e+01  
1.778000e+03    -2.892329e+01  -6.145933e+01  -1.744824e+01  -5.973607e+01  
1.780000e+03    -2.871392e+01  -5.900308e+01  -1.744761e+01  -5.793607e+01  
1.782000e+03    -2.814517e+01  -5.917808e+01  -1.744699e+01  -5.515169e+01  
1.784000e+03    -2.870454e+01  -5.891558e+01  -1.744761e+01  -5.817982e+01  
1.786000e+03    -2.777329e+01  -5.784683e+01  -1.744636e+01  -5.678294e+01  
1.788000e+03    -2.765454e+01  -5.729058e+01  -1.744511e+01  -5.504857e+01  
1.790000e+03    -2.770454e+01  -5.650933e+01  -1.744761e+01  -5.375482e+01  
1.792000e+03    -2.761704e+01  -5.584683e+01  -1.744574e+01  -5.459857e+01  
1.794000e+03    -2.765454e+01  -5.497808e+01  -1.744699e+01  -5.407357e+01  
1.796000e+03    -2.730142e+01  -5.521558e+01  -1.744824e+01  -5.440169e+01  
1.798000e+03    -2.732329e+01  -5.479058e+01  -1.744886e+01  -5.285482e+01  
1.800000e+03    -2.650142e+01  -5.493433e+01  -1.744761e+01  -5.339857e+01  
1.802000e+03    -2.612329e+01  -5.308433e+01  -1.744824e+01  -5.040794e+01  
1.804000e+03    -2.623892e+01  -5.345933e+01  -1.744824e+01  -5.087669e+01  
1.806000e+03    -2.703579e+01  -5.292808e+01  -1.744699e+01  -5.092357e+01  
1.808000e+03    -2.646392e+01  -5.249058e+01  -1.744824e+01  -5.001419e+01  
1.810000e+03    -2.588892e+01  -5.142808e+01  -1.744824e+01  -4.912357e+01  
1.812000e+03    -2.542954e+01  -5.170308e+01  -1.744699e+01  -4.830794e+01  
1.814000e+03    -2.474204e+01  -5.078433e+01  -1.744761e+01  -4.760482e+01  
1.816000e+03    -2.452954e+01  -4.843433e+01  -1.744699e+01  -4.833607e+01  
1.818000e+03    -2.477954e+01  -4.805308e+01  -1.744824e+01  -4.636732e+01  
1.820000e+03    -2.352642e+01  -4.677183e+01  -1.744886e+01  -4.448294e+01  
1.822000e+03    -2.324517e+01  -4.707808e+01  -1.744636e+01  -4.462357e+01  
1.824000e+03    -2.285767e+01  -4.519683e+01  -1.744761e+01  -4.386419e+01  
1.826000e+03    -2.185142e+01  -4.491558e+01  -1.744824e+01  -4.161419e+01  
1.828000e+03    -2.167017e+01  -4.405308e+01  -1.744761e+01  -3.843607e+01  
1.830000e+03    -2.217642e+01  -4.201558e+01  -1.744824e+01  -3.883919e+01  
1.832000e+03    -1.940142e+01  -4.028433e+01  -1.744574e+01  -3.597044e+01  
1.834000e+03    -1.942954e+01  -3.919683e+01  -1.744511e+01  -3.614857e+01  
1.836000e+03    -1.931079e+01  -4.005308e+01  -1.744824e+01  -3.434857e+01  
1.838000e+03    -1.747017e+01  -3.731558e+01  -1.744761e+01  -3.418919e+01  
1.840000e+03    -1.959204e+01  -3.599683e+01  -1.744699e+01  -3.387982e+01  
1.842000e+03    -1.772017e+01  -3.550933e+01  -1.744699e+01  -3.151732e+01  
1.844000e+03    -1.685142e+01  -3.310308e+01  -1.744699e+01  -2.854544e+01  
1.846000e+03    -1.609517e+01  -3.245308e+01  -1.744761e+01  -3.052357e+01  
1.848000e+03    -1.543579e+01  -3.105308e+01  -1.744824e+01  -2.888294e+01  
1.850000e+03    -1.527329e+01  -3.065933e+01  -1.744824e+01  -2.740169e+01  
1.852000e+03    -1.437641e+01  -2.881558e+01  -1.744761e+01  -2.702669e+01  
1.854000e+03    -1.473579e+01  -2.752808e+01  -1.744886e+01  -2.403607e+01  
1.856000e+03    -1.457954e+01  -2.822808e+01  -1.744636e+01  -2.580794e+01  
1.858000e+03    -1.556391e+01  -3.309058e+01  -1.744761e+01  -2.880794e+01  
1.860000e+03    -1.842642e+01  -3.648433e+01  -1.744886e+01  -3.496732e+01  
1.862000e+03    -1.889829e+01  -4.007183e+01  -1.744699e+01  -4.155794e+01  
1.864000e+03    -2.027329e+01  -4.482183e+01  -1.744761e+01  -4.428607e+01  
1.866000e+03    -2.185142e+01  -4.667808e+01  -1.744824e+01  -4.890794e+01  
1.868000e+03    -2.358267e+01  -4.938433e+01  -1.744886e+01  -5.218919e+01  
1.870000e+03    -2.418579e+01  -5.145308e+01  -1.744824e+01  -5.529232e+01  
1.872000e+03    -2.471392e+01  -5.331558e+01  -1.744824e+01  -5.562982e+01  
1.874000e+03    -2.597017e+01  -5.665933e+01  -1.744824e+01  -5.942669e+01  
1.876000e+03    -2.708892e+01  -5.960933e+01  -1.744886e+01  -6.018607e+01  
1.878000e+03    -2.772017e+01  -6.072183e+01  -1.744886e+01  -6.341107e+01  
1.880000e+03    -2.849829e+01  -6.187183e+01  -1.744761e+01  -6.404857e+01  
1.882000e+03    -3.083579e+01  -6.727808e+01  -1.744886e+01  -6.854857e+01  
1.884000e+03    -3.341704e+01  -7.319058e+01  -1.744824e+01  -7.233607e+01  
1.886000e+03    -3.496704e+01  -7.530933e+01  -1.744699e+01  -7.754857e+01  
1.888000e+03    -3.568579e+01  -7.828433e+01  -1.744886e+01  -8.168294e+01  
1.890000e+03    -3.759829e+01  -8.295933e+01  -1.744824e+01  -8.390482e+01  
1.892000e+03    -4.037329e+01  -8.783433e+01  -1.744824e+01  -8.955794e+01  
1.894000e+03    -4.191704e+01  -9.178433e+01  -1.744636e+01  -9.318607e+01  
1.896000e+03    -4.310454e+01  -9.770933e+01  -1.744386e+01  -9.570794e+01  
1.898000e+03    -4.514517e+01  -9.939058e+01  -1.744824e+01  -1.009860e+02  
1.900000e+03    -4.672017e+01  -1.033155e+02  -1.744824e+01  -1.074266e+02  
1.902000e+03    -4.771704e+01  -1.062030e+02  -1.744886e+01  -1.068829e+02  
1.904000e+03    -4.866079e+01  -1.087155e+02  -1.744824e+01  -1.095548e+02  
1.906000e+03    -4.982016e+01  -1.110593e+02  -1.744636e+01  -1.135204e+02  
1.908000e+03    -4.961079e+01  -1.117405e+02  -1.744761e+01  -1.140923e+02  
1.910000e+03    -5.154516e+01  -1.139405e+02  -1.744699e+01  -1.156954e+02  
1.912000e+03    -5.130766e+01  -1.163093e+02  -1.744761e+01  -1.180954e+02  
1.914000e+03    -5.327329e+01  -1.166780e+02  -1.744761e+01  -1.213860e+02  
1.916000e+03    -5.348891e+01  -1.216280e+02  -1.744574e+01  -1.239454e+02  
1.918000e+03    -5.458579e+01  -1.228405e+02  -1.744824e+01  -1.263735e+02  
1.920000e+03    -5.577016e+01  -1.255405e+02  -1.744636e+01  -1.285204e+02  
1.922000e+03    -5.659516e+01  -1.286531e+02  -1.744636e+01  -1.306017e+02  
1.924000e+03    -5.876079e+01  -1.312031e+02  -1.744699e+01  -1.333298e+02  
1.926000e+03    -6.064516e+01  -1.352093e+02  -1.744824e+01  -1.382142e+02  
1.928000e+03    -6.242954e+01  -1.400781e+02  -1.744761e+01  -1.412611e+02  
1.930000e+03    -6.411079e+01  -1.435593e+02  -1.744761e+01  -1.454048e+02  
1.932000e+03    -6.610766e+01  -1.471156e+02  -1.744824e+01  -1.507486e+02  
1.934000e+03    -6.853891e+01  -1.512156e+02  -1.744699e+01  -1.570861e+02  
1.936000e+03    -7.047016e+01  -1.560468e+02  -1.744824e+01  -1.591673e+02  
1.938000e+03    -7.285766e+01  -1.601031e+02  -1.744761e+01  -1.648579e+02  
1.940000e+03    -7.467016e+01  -1.646906e+02  -1.744636e+01  -1.693486e+02  
1.942000e+03    -7.675766e+01  -1.701906e+02  -1.744824e+01  -1.726486e+02  
1.944000e+03    -7.847329e+01  -1.730968e+02  -1.744761e+01  -1.778423e+02  
1.946000e+03    -8.077016e+01  -1.781281e+02  -1.744824e+01  -1.826236e+02  
1.948000e+03    -8.263266e+01  -1.803843e+02  -1.744824e+01  -1.859704e+02  
1.950000e+03    -8.517954e+01  -1.809531e+02  -1.744761e+01  -1.900298e+02  
1.952000e+03    -8.568891e+01  -1.809531e+02  -1.744574e+01  -1.961798e+02  
1.954000e+03    -8.922641e+01  -1.809656e+02  -1.744761e+01  -2.009048e+02  
1.956000e+03    -9.008891e+01  -1.809656e+02  -1.744761e+01  -2.035673e+02  
1.958000e+03    -9.044829e+01  -1.809781e+02  -1.744886e+01  -2.095298e+02  
1.960000e+03    -9.044204e+01  -1.809656e+02  -1.744761e+01  -2.136079e+02  
1.962000e+03    -9.043266e+01  -1.809468e+02  -1.744574e+01  -2.188767e+02  
1.964000e+03    -9.043579e+01  -1.809531e+02  -1.744636e+01  -2.266204e+02  
1.966000e+03    -9.043891e+01  -1.809593e+02  -1.744699e+01  -2.303236e+02  
1.968000e+03    -9.044204e+01  -1.809656e+02  -1.744761e+01  -2.356111e+02  
1.970000e+03    -9.044516e+01  -1.809718e+02  -1.744824e+01  -2.418454e+02  
1.972000e+03    -9.044516e+01  -1.809718e+02  -1.744824e+01  -2.486423e+02  
1.974000e+03    -9.044204e+01  -1.809656e+02  -1.744761e+01  -2.559548e+02  
1.976000e+03    -9.044516e+01  -1.809718e+02  -1.744824e+01  -2.589079e+02  
1.978000e+03    -9.044204e+01  -1.809656e+02  -1.744761e+01  -2.648423e+02  
1.980000e+03    -9.043891e+01  -1.809593e+02  -1.744699e+01  -2.718173e+02  
1.982000e+03    -9.044204e+01  -1.809656e+02  -1.744761e+01  -2.714517e+02  
1.984000e+03    -9.043579e+01  -1.809531e+02  -1.744636e+01  -2.719204e+02  
1.986000e+03    -9.042954e+01  -1.809406e+02  -1.744511e+01  -2.719017e+02  
1.988000e+03    -9.044204e+01  -1.809656e+02  -1.744761e+01  -2.719298e+02  
