-13.065 -0.00385854
-12.9636 -0.00394235
-12.8623 -0.00402903
-12.7609 -0.00411889
-12.6596 -0.00421191
-12.5583 -0.00430834
-12.4569 -0.00440847
-12.3556 -0.00451229
-12.2543 -0.00462008
-12.1529 -0.00473219
-12.0516 -0.00484863
-11.9502 -0.00496986
-11.8489 -0.00509593
-11.7476 -0.00522722
-11.6462 -0.0053642
-11.5449 -0.00550692
-11.4436 -0.00565587
-11.3422 -0.00581159
-11.2409 -0.0059742
-11.1395 -0.00614447
-11.0382 -0.00632255
-10.9369 -0.00650915
-10.8355 -0.00670503
-10.7342 -0.00691045
-10.6328 -0.0071265
-10.5315 -0.00735351
-10.4302 -0.0075925
-10.3288 -0.00784465
-10.2275 -0.00811044
-10.1262 -0.00839121
-10.0248 -0.00868847
-9.92349 -0.00900301
-9.82215 -0.00933667
-9.72082 -0.00969097
-9.61948 -0.0100678
-9.51814 -0.0104692
-9.4168 -0.0108975
-9.31546 -0.0113552
-9.21413 -0.0118453
-9.11279 -0.012371
-9.01145 -0.0129361
-8.91011 -0.0135449
-8.80878 -0.0142021
-8.70744 -0.0149135
-8.6061 -0.0156853
-8.50476 -0.0165251
-8.40343 -0.0174415
-8.30209 -0.0184446
-8.20075 -0.0195464
-8.09941 -0.0207608
-7.99808 -0.0221046
-7.89674 -0.0235979
-7.7954 -0.0252648
-7.69406 -0.0271348
-7.59272 -0.0292438
-7.49139 -0.0316362
-7.39005 -0.0343682
-7.28871 -0.03751
-7.18737 -0.0411515
-7.08604 -0.0454091
-6.9847 -0.0504368
-6.88336 -0.056439
-6.78202 -0.0636946
-6.68069 -0.0725898
-6.57935 -0.0836766
-6.47801 -0.097758
-6.37667 -0.116044
-6.27533 -0.140425
-6.174 -0.173972
-6.07266 -0.221965
-5.97132 -0.294
-5.86998 -0.408909
-5.76865 -0.607032
-5.66731 -0.983897
-5.56597 -1.77955
-5.46463 -3.42273
-5.3633 -4.70283
-5.26196 -3.07906
-5.16062 -1.60301
-5.05928 -0.912395
-4.95794 -0.582794
-4.85661 -0.409176
-4.75527 -0.309952
-4.65393 -0.250249
-4.55259 -0.213729
-4.45126 -0.192232
-4.34992 -0.18161
-4.24858 -0.17999
-4.14724 -0.187066
-4.04591 -0.203988
-3.94457 -0.233795
-3.84323 -0.282614
-3.74189 -0.362559
-3.64056 -0.498733
-3.53922 -0.74774
-3.43788 -1.24891
-3.33654 -2.33908
-3.23521 -4.20056
-3.13387 -4.13717
-3.03253 -2.27969
-2.93119 -1.21847
-2.82985 -0.7292
-2.72852 -0.484147
-2.62718 -0.348613
-2.52584 -0.267767
-2.4245 -0.217136
-2.32317 -0.184867
-2.22183 -0.164944
-2.12049 -0.154445
-2.01915 -0.152463
-1.91782 -0.159959
-1.81648 -0.180581
-1.71514 -0.223318
-1.6138 -0.310083
-1.51246 -0.496492
-1.41113 -0.893324
-1.30979 -1.2931
-1.20845 -0.944252
-1.10711 -0.559106
-1.00578 -0.407358
-0.904439 -0.402023
-0.803101 -0.543595
-0.701763 -0.87297
-0.600426 -0.944009
-0.499088 -0.56599
-0.39775 -0.322078
-0.296413 -0.207813
-0.195075 -0.150314
-0.093737 -0.118422
0.0076 -0.0994861
0.108938 -0.087907
0.210276 -0.0809981
0.311613 -0.0774229
0.412951 -0.0765612
0.514289 -0.0782537
0.615626 -0.0827315
0.716964 -0.0906835
0.818302 -0.103493
0.919639 -0.123793
1.02098 -0.156758
1.12232 -0.213275
1.22365 -0.318443
1.32499 -0.535098
1.42633 -1.00192
1.52767 -1.60907
1.629 -1.28046
1.73034 -0.690069
1.83168 -0.396911
1.93302 -0.262101
2.03435 -0.19529
2.13569 -0.160637
2.23703 -0.143498
2.33837 -0.137581
2.4397 -0.140397
2.54104 -0.151656
2.64238 -0.172915
2.74372 -0.208117
2.84505 -0.265335
2.94639 -0.361223
3.04773 -0.532462
3.14907 -0.867503
3.25041 -1.58767
3.35174 -3.00689
3.45308 -3.67041
3.55442 -2.21245
3.65576 -1.15496
3.75709 -0.666426
3.85843 -0.428929
3.95977 -0.302067
4.06111 -0.230713
4.16244 -0.193765
4.26378 -0.187626
4.36512 -0.203854
4.46646 -0.172122
4.5678 -0.120247
4.66913 -0.0900869
4.77047 -0.0728494
4.87181 -0.0617755
4.97315 -0.0539875
5.07448 -0.0481801
5.17582 -0.0436832
5.27716 -0.0401162
5.3785 -0.0372431
5.47983 -0.0349088
5.58117 -0.0330063
5.68251 -0.0314597
5.78385 -0.0302144
5.88518 -0.0292303
5.98652 -0.028478
6.08786 -0.027937
6.1892 -0.0275934
6.29054 -0.027439
6.39187 -0.0274709
6.49321 -0.0276911
6.59455 -0.0281064
6.69589 -0.0287291
6.79722 -0.0295771
6.89856 -0.0306759
6.9999 -0.0320587
7.10124 -0.0337698
7.20257 -0.0358668
7.30391 -0.0384258
7.40525 -0.0415463
7.50659 -0.0453612
7.60792 -0.0500485
7.70926 -0.0558536
7.8106 -0.0631167
7.91194 -0.0723228
8.01328 -0.0841802
8.11461 -0.0997522
8.21595 -0.120701
8.31729 -0.149719
8.41863 -0.191397
8.51996 -0.254037
8.6213 -0.353815
8.72264 -0.525037
8.82398 -0.848051
8.92531 -1.52474
9.02665 -2.95416
9.12799 -4.35769
9.22933 -3.03458
9.33066 -1.56716
9.432 -0.86689
9.53334 -0.533836
9.63468 -0.357947
9.73602 -0.255696
9.83735 -0.19157
9.93869 -0.14889
10.04 -0.119133
10.1414 -0.0975653
10.2427 -0.0814737
10.344 -0.0691412
10.4454 -0.059474
10.5467 -0.0517695
10.6481 -0.0455175
10.7494 -0.0403829
10.8507 -0.036109
10.9521 -0.0325092
11.0534 -0.0294536
11.1547 -0.0268341
11.2561 -0.0245688
11.3574 -0.0225994
11.4588 -0.0208726
11.5601 -0.0193524
11.6614 -0.0180054
11.7628 -0.0168045
11.8641 -0.015731
11.9654 -0.0147663
12.0668 -0.0138949
12.1681 -0.0131063
12.2695 -0.0123889
12.3708 -0.0117353
12.4721 -0.0111373
12.5735 -0.0105882
12.6748 -0.0100834
12.7761 -0.00961786
