-13.065 -0.0065658
-12.9636 -0.00678459
-12.8623 -0.00701541
-12.7609 -0.00725967
-12.6596 -0.00751798
-12.5583 -0.00779173
-12.4569 -0.00808255
-12.3556 -0.00839132
-12.2543 -0.00871993
-12.1529 -0.00907055
-12.0516 -0.00944451
-11.9502 -0.00984481
-11.8489 -0.0102732
-11.7476 -0.010733
-11.6462 -0.0112279
-11.5449 -0.0117606
-11.4436 -0.0123358
-11.3422 -0.012959
-11.2409 -0.0136344
-11.1395 -0.0143696
-11.0382 -0.0151707
-10.9369 -0.0160466
-10.8355 -0.0170085
-10.7342 -0.018066
-10.6328 -0.0192349
-10.5315 -0.0205292
-10.4302 -0.0219694
-10.3288 -0.0235803
-10.2275 -0.0253871
-10.1262 -0.0274253
-10.0248 -0.0297394
-9.92349 -0.0323773
-9.82215 -0.035407
-9.72082 -0.0389097
-9.61948 -0.0429913
-9.51814 -0.0477878
-9.4168 -0.053478
-9.31546 -0.0603004
-9.21413 -0.0685775
-9.11279 -0.0787584
-9.01145 -0.0914753
-8.91011 -0.107647
-8.80878 -0.128642
-8.70744 -0.156585
-8.6061 -0.194889
-8.50476 -0.249312
-8.40343 -0.330143
-8.30209 -0.457143
-8.20075 -0.671494
-8.09941 -1.0679
-7.99808 -1.88295
-7.89674 -3.64025
-7.7954 -5.93993
-7.69406 -4.71233
-7.59272 -2.46195
-7.49139 -1.33462
-7.39005 -0.806776
-7.28871 -0.533706
-7.18737 -0.377717
-7.08604 -0.281289
-6.9847 -0.217896
-6.88336 -0.174175
-6.78202 -0.142849
-6.68069 -0.119707
-6.57935 -0.102176
-6.47801 -0.088624
-6.37667 -0.0779737
-6.27533 -0.069492
-6.174 -0.0626685
-6.07266 -0.0571373
-5.97132 -0.0526347
-5.86998 -0.0489662
-5.76865 -0.0459873
-5.66731 -0.0435895
-5.56597 -0.041693
-5.46463 -0.0402388
-5.3633 -0.0391856
-5.26196 -0.0385062
-5.16062 -0.0381871
-5.05928 -0.0382267
-4.95794 -0.0386365
-4.85661 -0.0394418
-4.75527 -0.0406851
-4.65393 -0.0424293
-4.55259 -0.044765
-4.45126 -0.04782
-4.34992 -0.0517762
-4.24858 -0.0568927
-4.14724 -0.0635466
-4.04591 -0.0722988
-3.94457 -0.0840133
-3.84323 -0.100062
-3.74189 -0.122732
-3.64056 -0.156034
-3.53922 -0.207515
-3.43788 -0.292509
-3.33654 -0.445311
-3.23521 -0.749887
-3.13387 -1.40468
-3.03253 -2.50582
-2.93119 -2.56773
-2.82985 -1.44701
-2.72852 -0.770431
-2.62718 -0.458592
-2.52584 -0.303743
-2.4245 -0.218882
-2.32317 -0.168714
-2.22183 -0.13757
-2.12049 -0.117893
-2.01915 -0.105818
-1.91782 -0.0993839
-1.81648 -0.0977725
-1.71514 -0.101062
-1.6138 -0.110328
-1.51246 -0.128216
-1.41113 -0.160452
-1.30979 -0.219868
-1.20845 -0.337451
-1.10711 -0.591026
-1.00578 -1.09886
-0.904439 -1.38154
-0.803101 -0.863769
-0.701763 -0.462163
-0.600426 -0.275822
-0.499088 -0.185688
-0.39775 -0.13752
-0.296413 -0.109633
-0.195075 -0.0926277
-0.093737 -0.0820336
0.0076 -0.075558
0.108938 -0.0719683
0.210276 -0.0705988
0.311613 -0.0711205
0.412951 -0.0734355
0.514289 -0.0776376
0.615626 -0.0840204
0.716964 -0.0931316
0.818302 -0.105892
0.919639 -0.123834
1.02098 -0.149564
1.12232 -0.187728
1.22365 -0.247145
1.32499 -0.346016
1.42633 -0.525597
1.52767 -0.888145
1.629 -1.66827
1.73034 -2.80982
1.83168 -2.44828
1.93302 -1.41003
2.03435 -0.964122
2.13569 -0.932762
2.23703 -0.861782
2.33837 -0.553675
2.4397 -0.359038
2.54104 -0.265194
2.64238 -0.219097
2.74372 -0.197894
2.84505 -0.192681
2.94639 -0.200653
3.04773 -0.222649
3.14907 -0.263153
3.25041 -0.332393
3.35174 -0.452324
3.45308 -0.672821
3.55442 -1.11669
3.65576 -2.08257
3.75709 -3.76853
3.85843 -3.82803
3.95977 -2.13332
4.06111 -1.13348
4.16244 -0.671934
4.26378 -0.44087
4.36512 -0.312587
4.46646 -0.235098
4.5678 -0.185186
4.66913 -0.151456
4.77047 -0.127849
4.87181 -0.110943
4.97315 -0.0986991
5.07448 -0.0898635
5.17582 -0.083649
5.27716 -0.0795708
5.3785 -0.0773507
5.47983 -0.0768701
5.58117 -0.0781529
5.68251 -0.0813724
5.78385 -0.0868862
5.88518 -0.0953097
5.98652 -0.107661
6.08786 -0.125619
6.1892 -0.152049
6.29054 -0.192063
6.39187 -0.255379
6.49321 -0.362048
6.59455 -0.557467
6.69589 -0.954149
6.79722 -1.81573
6.89856 -3.15038
6.9999 -2.82357
7.10124 -1.51287
7.20257 -0.811206
7.30391 -0.485483
7.40525 -0.319497
7.50659 -0.225764
7.60792 -0.168244
7.70926 -0.130566
7.8106 -0.104593
7.91194 -0.0859381
8.01328 -0.0720838
8.11461 -0.0615062
8.21595 -0.0532378
8.31729 -0.0466455
8.41863 -0.0412986
8.51996 -0.0368971
8.6213 -0.0332254
8.72264 -0.0301273
8.82398 -0.0274861
8.92531 -0.0252138
9.02665 -0.0232422
9.12799 -0.021519
9.22933 -0.0200025
9.33066 -0.0186598
9.432 -0.017464
9.53334 -0.0163936
9.63468 -0.0154308
9.73602 -0.014561
9.83735 -0.0137721
9.93869 -0.0130538
10.04 -0.0123975
10.1414 -0.0117954
10.2427 -0.0112422
10.344 -0.0107321
10.4454 -0.01026
10.5467 -0.0098227
10.6481 -0.009416
10.7494 -0.00903764
10.8507 -0.00868452
10.9521 -0.00835401
11.0534 -0.00804468
11.1547 -0.00775436
11.2561 -0.00748117
11.3574 -0.00722419
11.4588 -0.00698162
11.5601 -0.00675276
11.6614 -0.00653633
11.7628 -0.00633119
11.8641 -0.00613688
11.9654 -0.00595243
12.0668 -0.00577697
12.1681 -0.0056102
12.2695 -0.00545122
12.3708 -0.00529982
12.4721 -0.00515534
12.5735 -0.0050172
12.6748 -0.00488528
12.7761 -0.00475906
