-13.065 -0.00414969
-12.9636 -0.00425792
-12.8623 -0.00437069
-12.7609 -0.00448848
-12.6596 -0.00461138
-12.5583 -0.00473983
-12.4569 -0.00487431
-12.3556 -0.00501495
-12.2543 -0.00516229
-12.1529 -0.00531693
-12.0516 -0.00547907
-11.9502 -0.00564956
-11.8489 -0.00582866
-11.7476 -0.00601715
-11.6462 -0.00621594
-11.5449 -0.00642542
-11.4436 -0.0066466
-11.3422 -0.00688066
-11.2409 -0.00712816
-11.1395 -0.00739072
-11.0382 -0.00766908
-10.9369 -0.00796488
-10.8355 -0.00828
-10.7342 -0.00861553
-10.6328 -0.00897409
-10.5315 -0.00935714
-10.4302 -0.00976746
-10.3288 -0.0102083
-10.2275 -0.0106818
-10.1262 -0.011192
-10.0248 -0.0117435
-9.92349 -0.01234
-9.82215 -0.0129873
-9.72082 -0.0136913
-9.61948 -0.0144594
-9.51814 -0.0152996
-9.4168 -0.0162216
-9.31546 -0.0172368
-9.21413 -0.0183584
-9.11279 -0.0196026
-9.01145 -0.0209884
-8.91011 -0.0225387
-8.80878 -0.0242811
-8.70744 -0.0262502
-8.6061 -0.0284877
-8.50476 -0.0310461
-8.40343 -0.033991
-8.30209 -0.0374066
-8.20075 -0.0414008
-8.09941 -0.0461144
-7.99808 -0.0517335
-7.89674 -0.058511
-7.7954 -0.0667918
-7.69406 -0.0770605
-7.59272 -0.0900137
-7.49139 -0.106678
-7.39005 -0.128626
-7.28871 -0.158343
-7.18737 -0.199944
-7.08604 -0.260612
-6.9847 -0.353734
-6.88336 -0.506191
-6.78202 -0.777007
-6.68069 -1.30707
-6.57935 -2.42354
-6.47801 -4.3193
-6.37667 -4.50395
-6.27533 -2.61591
-6.174 -1.41334
-6.07266 -0.840621
-5.97132 -0.550781
-5.86998 -0.389517
-5.76865 -0.292407
-5.66731 -0.230314
-5.56597 -0.188889
-5.46463 -0.1605
-5.3633 -0.140854
-5.26196 -0.12744
-5.16062 -0.118778
-5.05928 -0.114035
-4.95794 -0.112838
-4.85661 -0.1152
-4.75527 -0.121542
-4.65393 -0.132812
-4.55259 -0.15076
-4.45126 -0.178515
-4.34992 -0.221818
-4.24858 -0.291746
-4.14724 -0.411388
-4.04591 -0.633369
-3.94457 -1.08716
-3.84323 -2.05066
-3.74189 -3.31137
-3.64056 -2.7071
-3.53922 -1.45991
-3.43788 -0.810346
-3.33654 -0.50157
-3.23521 -0.340799
-3.13387 -0.248732
-3.03253 -0.191881
-2.93119 -0.154727
-2.82985 -0.129429
-2.72852 -0.111736
-2.62718 -0.0992097
-2.52584 -0.0904042
-2.4245 -0.0844516
-2.32317 -0.080854
-2.22183 -0.0793774
-2.12049 -0.0800154
-2.01915 -0.0830002
-1.91782 -0.0888771
-1.81648 -0.0986801
-1.71514 -0.114295
-1.6138 -0.139255
-1.51246 -0.180577
-1.41113 -0.253366
-1.30979 -0.39342
-1.20845 -0.690366
-1.10711 -1.30145
-1.00578 -1.77134
-0.904439 -1.17307
-0.803101 -0.626092
-0.701763 -0.367968
-0.600426 -0.244119
-0.499088 -0.178774
-0.39775 -0.141594
-0.296413 -0.119578
-0.195075 -0.106679
-0.093737 -0.0999569
0.0076 -0.0980623
0.108938 -0.100637
0.210276 -0.108171
0.311613 -0.122198
0.412951 -0.145994
0.514289 -0.186313
0.615626 -0.257836
0.716964 -0.395272
0.818302 -0.685358
0.919639 -1.28412
1.02098 -1.77437
1.12232 -1.1889
1.22365 -0.62962
1.32499 -0.365556
1.42633 -0.239412
1.52767 -0.17288
1.629 -0.134699
1.73034 -0.11147
1.83168 -0.0968986
1.93302 -0.0877778
2.03435 -0.0823858
2.13569 -0.0797788
2.23703 -0.0794664
2.33837 -0.0812553
2.4397 -0.0851855
2.54104 -0.0915267
2.64238 -0.100824
2.74372 -0.114015
2.84505 -0.132661
2.94639 -0.159405
3.04773 -0.19889
3.14907 -0.259757
3.25041 -0.359325
3.35174 -0.535486
3.45308 -0.87903
3.55442 -1.60694
3.65576 -2.91349
3.75709 -3.1875
3.85843 -1.86191
3.95977 -0.995148
4.06111 -0.589842
4.16244 -0.388736
4.26378 -0.278861
4.36512 -0.213985
4.46646 -0.173543
4.5678 -0.147539
4.66913 -0.130751
4.77047 -0.120307
4.87181 -0.114607
4.97315 -0.112795
5.07448 -0.114515
5.17582 -0.119812
5.27716 -0.129121
5.3785 -0.143357
5.47983 -0.164121
5.58117 -0.194133
5.68251 -0.238059
5.78385 -0.304254
5.88518 -0.408594
5.98652 -0.583709
6.08786 -0.902734
6.1892 -1.542
6.29054 -2.87732
6.39187 -4.70462
6.49321 -4.03669
6.59455 -2.19978
6.69589 -1.20103
6.79722 -0.72478
6.89856 -0.477792
6.9999 -0.336872
7.10124 -0.249872
7.20257 -0.192713
7.30391 -0.153254
7.40525 -0.124914
7.50659 -0.103888
7.60792 -0.0878641
7.70926 -0.0753692
7.8106 -0.0654368
7.91194 -0.0574083
8.01328 -0.0508239
8.11461 -0.0453548
8.21595 -0.0407597
8.31729 -0.0368604
8.41863 -0.0335215
8.51996 -0.0306395
8.6213 -0.0281331
8.72264 -0.0259388
8.82398 -0.0240062
8.92531 -0.0222946
9.02665 -0.0207707
9.12799 -0.0194075
9.22933 -0.0181828
9.33066 -0.0170781
9.432 -0.0160777
9.53334 -0.0151686
9.63468 -0.0143398
9.73602 -0.0135818
9.83735 -0.0128867
9.93869 -0.0122474
10.04 -0.0116581
10.1414 -0.011113
10.2427 -0.0106085
10.344 -0.0101401
10.4454 -0.00970404
10.5467 -0.00929798
10.6481 -0.00891845
10.7494 -0.00856379
10.8507 -0.00823148
10.9521 -0.00791933
11.0534 -0.00762624
11.1547 -0.00735037
11.2561 -0.00709011
11.3574 -0.00684473
11.4588 -0.00661263
11.5601 -0.00639326
11.6614 -0.00618547
11.7628 -0.00598824
11.8641 -0.0058012
11.9654 -0.00562346
12.0668 -0.00545423
12.1681 -0.00529327
12.2695 -0.00513973
12.3708 -0.00499343
12.4721 -0.00485376
12.5735 -0.00472019
12.6748 -0.00459259
12.7761 -0.0044705
