-13.065 -0.00378375
-12.9636 -0.0038637
-12.8623 -0.00394625
-12.7609 -0.00403169
-12.6596 -0.00411998
-12.5583 -0.00421133
-12.4569 -0.004306
-12.3556 -0.00440395
-12.2543 -0.00450544
-12.1529 -0.00461076
-12.0516 -0.00471989
-11.9502 -0.00483323
-11.8489 -0.00495079
-11.7476 -0.0050729
-11.6462 -0.00519994
-11.5449 -0.00533191
-11.4436 -0.00546922
-11.3422 -0.0056123
-11.2409 -0.00576121
-11.1395 -0.00591657
-11.0382 -0.00607845
-10.9369 -0.0062474
-10.8355 -0.00642403
-10.7342 -0.00660845
-10.6328 -0.00680151
-10.5315 -0.00700339
-10.4302 -0.00721485
-10.3288 -0.00743674
-10.2275 -0.00766931
-10.1262 -0.00791353
-10.0248 -0.00817045
-9.92349 -0.00844049
-9.82215 -0.00872491
-9.72082 -0.00902466
-9.61948 -0.00934096
-9.51814 -0.00967505
-9.4168 -0.0100283
-9.31546 -0.0104023
-9.21413 -0.0107986
-9.11279 -0.0112193
-9.01145 -0.0116663
-8.91011 -0.0121419
-8.80878 -0.0126487
-8.70744 -0.0131896
-8.6061 -0.0137678
-8.50476 -0.0143869
-8.40343 -0.0150508
-8.30209 -0.0157642
-8.20075 -0.0165322
-8.09941 -0.0173607
-7.99808 -0.0182563
-7.89674 -0.0192267
-7.7954 -0.0202807
-7.69406 -0.0214284
-7.59272 -0.0226815
-7.49139 -0.0240534
-7.39005 -0.0255604
-7.28871 -0.027221
-7.18737 -0.0290574
-7.08604 -0.0310956
-6.9847 -0.0333675
-6.88336 -0.0359109
-6.78202 -0.0387716
-6.68069 -0.0420057
-6.57935 -0.0456834
-6.47801 -0.0498909
-6.37667 -0.0547374
-6.27533 -0.0603617
-6.174 -0.0669425
-6.07266 -0.0747155
-5.97132 -0.0839915
-5.86998 -0.0951914
-5.76865 -0.108894
-5.66731 -0.125919
-5.56597 -0.147447
-5.46463 -0.175235
-5.3633 -0.211983
-5.26196 -0.262031
-5.16062 -0.332645
-5.05928 -0.436752
-4.95794 -0.598962
-4.85661 -0.870179
-4.75527 -1.36659
-4.65393 -2.3772
-4.55259 -4.56331
-4.45126 -7.70444
-4.34992 -6.4978
-4.24858 -3.44662
-4.14724 -1.87802
-4.04591 -1.15367
-3.94457 -0.789706
-3.84323 -0.593292
-3.74189 -0.486342
-3.64056 -0.436583
-3.53922 -0.434388
-3.43788 -0.488318
-3.33654 -0.635416
-3.23521 -0.979286
-3.13387 -1.7509
-3.03253 -2.72436
-2.93119 -2.11729
-2.82985 -1.13935
-2.72852 -0.653331
-2.62718 -0.423642
-2.52584 -0.30379
-2.4245 -0.235369
-2.32317 -0.193963
-2.22183 -0.168407
-2.12049 -0.153289
-2.01915 -0.146012
-1.91782 -0.14563
-1.81648 -0.152483
-1.71514 -0.16835
-1.6138 -0.197248
-1.51246 -0.247489
-1.41113 -0.336882
-1.30979 -0.506807
-1.20845 -0.860959
-1.10711 -1.62896
-1.00578 -2.63425
-0.904439 -2.08957
-0.803101 -1.10219
-0.701763 -0.607459
-0.600426 -0.375032
-0.499088 -0.25412
-0.39775 -0.184533
-0.296413 -0.14111
-0.195075 -0.112242
-0.093737 -0.0920671
0.0076 -0.0773921
0.108938 -0.0663628
0.210276 -0.0578468
0.311613 -0.051121
0.412951 -0.0457066
0.514289 -0.0412764
0.615626 -0.0376006
0.716964 -0.0345136
0.818302 -0.0318941
0.919639 -0.0296511
1.02098 -0.0277154
1.12232 -0.0260337
1.22365 -0.0245642
1.32499 -0.0232737
1.42633 -0.0221356
1.52767 -0.0211288
1.629 -0.0202357
1.73034 -0.0194419
1.83168 -0.0187356
1.93302 -0.0181071
2.03435 -0.0175481
2.13569 -0.0170516
2.23703 -0.0166118
2.33837 -0.016224
2.4397 -0.0158839
2.54104 -0.0155882
2.64238 -0.0153339
2.74372 -0.0151186
2.84505 -0.0149404
2.94639 -0.0147976
3.04773 -0.0146891
3.14907 -0.0146138
3.25041 -0.0145713
3.35174 -0.0145611
3.45308 -0.0145832
3.55442 -0.0146377
3.65576 -0.0147252
3.75709 -0.0148463
3.85843 -0.0150022
3.95977 -0.015194
4.06111 -0.0154236
4.16244 -0.0156927
4.26378 -0.0160039
4.36512 -0.01636
4.46646 -0.0167642
4.5678 -0.0172205
4.66913 -0.0177331
4.77047 -0.0183074
4.87181 -0.0189493
4.97315 -0.019666
5.07448 -0.0204653
5.17582 -0.0213571
5.27716 -0.0223523
5.3785 -0.023464
5.47983 -0.0247076
5.58117 -0.0261014
5.68251 -0.0276671
5.78385 -0.0294307
5.88518 -0.0314232
5.98652 -0.0336831
6.08786 -0.0362565
6.1892 -0.0392004
6.29054 -0.0425857
6.39187 -0.0465008
6.49321 -0.0510589
6.59455 -0.056404
6.69589 -0.0627231
6.79722 -0.0702619
6.89856 -0.0793514
6.9999 -0.0904394
7.10124 -0.104149
7.20257 -0.121363
7.30391 -0.143375
7.40525 -0.172123
7.50659 -0.21062
7.60792 -0.263753
7.70926 -0.33986
7.8106 -0.453997
7.91194 -0.635427
8.01328 -0.946184
8.11461 -1.53126
8.21595 -2.75534
8.31729 -5.34622
8.41863 -7.95547
8.51996 -5.58734
8.6213 -2.88339
8.72264 -1.58988
8.82398 -0.975523
8.92531 -0.651643
9.02665 -0.463623
9.12799 -0.345861
9.22933 -0.267595
9.33066 -0.213089
9.432 -0.173666
9.53334 -0.144263
9.63468 -0.121764
9.73602 -0.104173
9.83735 -0.0901634
9.93869 -0.0788252
10.04 -0.069524
10.1414 -0.0617915
10.2427 -0.0553053
10.344 -0.0498059
10.4454 -0.0450983
10.5467 -0.041045
10.6481 -0.0375231
10.7494 -0.0344494
10.8507 -0.031748
10.9521 -0.0293587
11.0534 -0.0272391
11.1547 -0.025348
11.2561 -0.023652
11.3574 -0.0221279
11.4588 -0.0207505
11.5601 -0.0195037
11.6614 -0.0183704
11.7628 -0.017336
11.8641 -0.0163912
11.9654 -0.0155249
12.0668 -0.0147278
12.1681 -0.0139941
12.2695 -0.0133159
12.3708 -0.0126888
12.4721 -0.0121072
12.5735 -0.0115662
12.6748 -0.0110631
12.7761 -0.0105938
