-13.065 -0.00436036
-12.9636 -0.00446033
-12.8623 -0.00456388
-12.7609 -0.00467113
-12.6596 -0.00478247
-12.5583 -0.00489826
-12.4569 -0.00501844
-12.3556 -0.00514318
-12.2543 -0.00527321
-12.1529 -0.00540859
-12.0516 -0.00554916
-11.9502 -0.00569605
-11.8489 -0.00584918
-11.7476 -0.00600865
-11.6462 -0.00617535
-11.5449 -0.00634973
-11.4436 -0.0065318
-11.3422 -0.00672237
-11.2409 -0.00692215
-11.1395 -0.0071317
-11.0382 -0.00735109
-10.9369 -0.00758161
-10.8355 -0.00782439
-10.7342 -0.00807932
-10.6328 -0.00834795
-10.5315 -0.00863128
-10.4302 -0.00893025
-10.3288 -0.00924614
-10.2275 -0.00958031
-10.1262 -0.00993454
-10.0248 -0.0103102
-9.92349 -0.0107089
-9.82215 -0.0111336
-9.72082 -0.0115858
-9.61948 -0.012068
-9.51814 -0.0125839
-9.4168 -0.0131365
-9.31546 -0.0137287
-9.21413 -0.0143655
-9.11279 -0.015052
-9.01145 -0.0157928
-8.91011 -0.0165942
-8.80878 -0.0174645
-8.70744 -0.0184112
-8.6061 -0.0194436
-8.50476 -0.0205742
-8.40343 -0.0218164
-8.30209 -0.0231848
-8.20075 -0.0246992
-8.09941 -0.0263836
-7.99808 -0.0282634
-7.89674 -0.0303725
-7.7954 -0.0327545
-7.69406 -0.0354599
-7.59272 -0.0385516
-7.49139 -0.0421147
-7.39005 -0.046258
-7.28871 -0.0511176
-7.18737 -0.0568824
-7.08604 -0.0638109
-6.9847 -0.072255
-6.88336 -0.0827179
-6.78202 -0.0959493
-6.68069 -0.113073
-6.57935 -0.135862
-6.47801 -0.167261
-6.37667 -0.212411
-6.27533 -0.280889
-6.174 -0.392111
-6.07266 -0.589429
-5.97132 -0.978952
-5.86998 -1.8175
-5.76865 -3.25701
-5.66731 -3.25143
-5.56597 -1.83696
-5.46463 -1.03284
-5.3633 -0.677826
-5.26196 -0.52071
-5.16062 -0.461788
-5.05928 -0.466942
-4.95794 -0.53345
-4.85661 -0.685899
-4.75527 -0.996691
-4.65393 -1.65558
-4.55259 -3.1018
-4.45126 -5.18727
-4.34992 -4.37597
-4.24858 -2.33643
-4.14724 -1.28627
-4.04591 -0.799713
-3.94457 -0.554054
-3.84323 -0.420586
-3.74189 -0.347142
-3.64056 -0.312152
-3.53922 -0.309145
-3.43788 -0.343771
-3.33654 -0.440687
-3.23521 -0.668949
-3.13387 -1.18252
-3.03253 -1.83075
-2.93119 -1.42541
-2.82985 -0.772928
-2.72852 -0.448447
-2.62718 -0.294941
-2.52584 -0.214732
-2.4245 -0.16886
-2.32317 -0.141059
-2.22183 -0.123886
-2.12049 -0.113721
-2.01915 -0.108831
-1.91782 -0.108593
-1.81648 -0.113231
-1.71514 -0.123928
-1.6138 -0.143365
-1.51246 -0.17709
-1.41113 -0.236979
-1.30979 -0.350616
-1.20845 -0.587139
-1.10711 -1.09965
-1.00578 -1.77043
-0.904439 -1.408
-0.803101 -0.750559
-0.701763 -0.421661
-0.600426 -0.267787
-0.499088 -0.188442
-0.39775 -0.143509
-0.296413 -0.116264
-0.195075 -0.0990316
-0.093737 -0.0879556
0.0076 -0.0809918
0.108938 -0.0770291
0.210276 -0.0754639
0.311613 -0.0760122
0.412951 -0.0786528
0.514289 -0.0835924
0.615626 -0.0912713
0.716964 -0.102497
0.818302 -0.118642
0.919639 -0.141984
1.02098 -0.176495
1.12232 -0.22952
1.22365 -0.315501
1.32499 -0.465541
1.42633 -0.753506
1.52767 -1.36507
1.629 -2.62103
1.73034 -3.52977
1.83168 -2.26964
1.93302 -1.17584
2.03435 -0.664374
2.13569 -0.417783
2.23703 -0.285578
2.33837 -0.20777
2.4397 -0.158495
2.54104 -0.12543
2.64238 -0.10222
2.74372 -0.0853353
2.84505 -0.0726732
2.94639 -0.0629376
3.04773 -0.0553101
3.14907 -0.0492252
3.25041 -0.0442958
3.35174 -0.0402611
3.45308 -0.036926
3.55442 -0.0341403
3.65576 -0.0318008
3.75709 -0.029832
3.85843 -0.0281651
3.95977 -0.0267504
4.06111 -0.0255569
4.16244 -0.024553
4.26378 -0.0237096
4.36512 -0.0230134
4.46646 -0.0224521
4.5678 -0.0220088
4.66913 -0.0216755
4.77047 -0.0214517
4.87181 -0.0213293
4.97315 -0.021303
5.07448 -0.0213777
5.17582 -0.0215553
5.27716 -0.0218328
5.3785 -0.0222185
5.47983 -0.0227231
5.58117 -0.0233506
5.68251 -0.0241136
5.78385 -0.0250299
5.88518 -0.0261188
5.98652 -0.0273999
6.08786 -0.0289038
6.1892 -0.0306726
6.29054 -0.0327464
6.39187 -0.0351816
6.49321 -0.0380596
6.59455 -0.0414734
6.69589 -0.0455405
6.79722 -0.0504301
6.89856 -0.0563656
6.9999 -0.0636367
7.10124 -0.072659
7.20257 -0.0840296
7.30391 -0.0986046
7.40525 -0.117668
7.50659 -0.14324
7.60792 -0.178579
7.70926 -0.229231
7.8106 -0.305237
7.91194 -0.426122
8.01328 -0.633224
8.11461 -1.02319
8.21595 -1.83919
8.31729 -3.56639
8.41863 -5.30579
8.51996 -3.72702
8.6213 -1.92432
8.72264 -1.06191
8.82398 -0.652306
8.92531 -0.436333
9.02665 -0.310933
9.12799 -0.232384
9.22933 -0.180166
9.33066 -0.143782
9.432 -0.11746
9.53334 -0.097822
9.63468 -0.0827835
9.73602 -0.0710175
9.83735 -0.0616454
9.93869 -0.0540532
10.04 -0.0478174
10.1414 -0.0426316
10.2427 -0.0382787
10.344 -0.0345814
10.4454 -0.0314137
10.5467 -0.0286856
10.6481 -0.0263107
10.7494 -0.0242343
10.8507 -0.0224091
10.9521 -0.0207928
11.0534 -0.0193548
11.1547 -0.0180713
11.2561 -0.0169193
11.3574 -0.0158813
11.4588 -0.0149415
11.5601 -0.0140903
11.6614 -0.0133156
11.7628 -0.0126061
11.8641 -0.0119574
11.9654 -0.0113625
12.0668 -0.0108132
12.1681 -0.0103063
12.2695 -0.00983795
12.3708 -0.00940392
12.4721 -0.00899964
12.5735 -0.00862362
12.6748 -0.00827377
12.7761 -0.00794595
