-13.065 -0.00428174
-12.9636 -0.0031983
-12.8623 -0.00424395
-12.7609 -0.0037988
-12.6596 -0.00364816
-12.5583 -0.00373663
-12.4569 -0.00434229
-12.3556 -0.00435971
-12.2543 -0.00705465
-12.1529 -0.00632359
-12.0516 -0.00777137
-11.9502 -0.00809439
-11.8489 -0.00852142
-11.7476 -0.00777565
-11.6462 -0.00784597
-11.5449 -0.00457586
-11.4436 -0.00563874
-11.3422 -0.00445075
-11.2409 -0.00393867
-11.1395 -0.00554449
-11.0382 -0.00663269
-10.9369 -0.00571485
-10.8355 -0.0088081
-10.7342 -0.00960544
-10.6328 -0.0129598
-10.5315 -0.0118788
-10.4302 -0.00805485
-10.3288 -0.010844
-10.2275 -0.0124837
-10.1262 -0.0130594
-10.0248 -0.0119656
-9.92349 -0.0122621
-9.82215 -0.0145097
-9.72082 -0.020838
-9.61948 -0.0187278
-9.51814 -0.0213142
-9.4168 -0.0248819
-9.31546 -0.0340646
-9.21413 -0.0391553
-9.11279 -0.0538322
-9.01145 -0.058602
-8.91011 -0.0670036
-8.80878 -0.0738598
-8.70744 -0.128703
-8.6061 -0.222371
-8.50476 -0.390007
-8.40343 -0.613089
-8.30209 -1.08083
-8.20075 -1.70903
-8.09941 -1.59578
-7.99808 -1.01438
-7.89674 -0.695801
-7.7954 -0.57844
-7.69406 -0.532814
-7.59272 -0.455224
-7.49139 -0.4694
-7.39005 -0.565594
-7.28871 -0.621126
-7.18737 -0.669519
-7.08604 -0.682297
-6.9847 -0.715374
-6.88336 -0.65938
-6.78202 -0.496402
-6.68069 -0.460847
-6.57935 -0.477947
-6.47801 -0.412374
-6.37667 -0.407927
-6.27533 -0.4796
-6.174 -0.535298
-6.07266 -0.567378
-5.97132 -0.688265
-5.86998 -0.867275
-5.76865 -0.875393
-5.66731 -0.745838
-5.56597 -0.555496
-5.46463 -0.425372
-5.3633 -0.417044
-5.26196 -0.476237
-5.16062 -0.595494
-5.05928 -0.77968
-4.95794 -0.999257
-4.85661 -1.02826
-4.75527 -0.912793
-4.65393 -0.827701
-4.55259 -0.820583
-4.45126 -0.761789
-4.34992 -0.591535
-4.24858 -0.469998
-4.14724 -0.414111
-4.04591 -0.392686
-3.94457 -0.323663
-3.84323 -0.283458
-3.74189 -0.251335
-3.64056 -0.22174
-3.53922 -0.226874
-3.43788 -0.210675
-3.33654 -0.200734
-3.23521 -0.231762
-3.13387 -0.28017
-3.03253 -0.329512
-2.93119 -0.378914
-2.82985 -0.438804
-2.72852 -0.550126
-2.62718 -0.734299
-2.52584 -0.845874
-2.4245 -0.81814
-2.32317 -0.808709
-2.22183 -0.79453
-2.12049 -0.694769
-2.01915 -0.528802
-1.91782 -0.417162
-1.81648 -0.370364
-1.71514 -0.332252
-1.6138 -0.302634
-1.51246 -0.27483
-1.41113 -0.251055
-1.30979 -0.280889
-1.20845 -0.346055
-1.10711 -0.421284
-1.00578 -0.441593
-0.904439 -0.405757
-0.803101 -0.36982
-0.701763 -0.376741
-0.600426 -0.398639
-0.499088 -0.450476
-0.39775 -0.539999
-0.296413 -0.654307
-0.195075 -0.693505
-0.093737 -0.672028
0.0076 -0.688758
0.108938 -0.671414
0.210276 -0.696132
0.311613 -0.637983
0.412951 -0.524801
0.514289 -0.439531
0.615626 -0.394826
0.716964 -0.373594
0.818302 -0.372962
0.919639 -0.412445
1.02098 -0.443474
1.12232 -0.411711
1.22365 -0.33486
1.32499 -0.273254
1.42633 -0.251888
1.52767 -0.279799
1.629 -0.306299
1.73034 -0.337791
1.83168 -0.37611
1.93302 -0.428086
2.03435 -0.553004
2.13569 -0.716108
2.23703 -0.800955
2.33837 -0.8077
2.4397 -0.824062
2.54104 -0.840758
2.64238 -0.70577
2.74372 -0.528166
2.84505 -0.427708
2.94639 -0.371597
3.04773 -0.321885
3.14907 -0.272989
3.25041 -0.224981
3.35174 -0.199811
3.45308 -0.214121
3.55442 -0.226787
3.65576 -0.222823
3.75709 -0.258158
3.85843 -0.286357
3.95977 -0.334874
4.06111 -0.398215
4.16244 -0.418421
4.26378 -0.48363
4.36512 -0.616646
4.46646 -0.78084
4.5678 -0.819451
4.66913 -0.835471
4.77047 -0.930629
4.87181 -1.03873
4.97315 -0.973473
5.07448 -0.746121
5.17582 -0.574598
5.27716 -0.463058
5.3785 -0.413488
5.47983 -0.435855
5.58117 -0.584436
5.68251 -0.770286
5.78385 -0.886161
5.88518 -0.84774
5.98652 -0.661036
6.08786 -0.560613
6.1892 -0.529426
6.29054 -0.468456
6.39187 -0.401118
6.49321 -0.422513
6.59455 -0.481314
6.69589 -0.45661
6.79722 -0.516994
6.89856 -0.679313
6.9999 -0.710898
7.10124 -0.680287
7.20257 -0.664492
7.30391 -0.613313
7.40525 -0.553684
7.50659 -0.457325
7.60792 -0.465885
7.70926 -0.540837
7.8106 -0.588669
7.91194 -0.725897
8.01328 -1.0917
8.11461 -1.66779
8.21595 -1.644
8.31729 -0.983638
8.41863 -0.573888
8.51996 -0.359737
8.6213 -0.205406
8.72264 -0.117038
8.82398 -0.0712087
8.92531 -0.0659251
9.02665 -0.0580161
9.12799 -0.0519324
9.22933 -0.0377795
9.33066 -0.0330844
9.432 -0.0237964
9.53334 -0.0209478
9.63468 -0.0188244
9.73602 -0.0206041
9.83735 -0.0134491
9.93869 -0.0124751
10.04 -0.0118227
10.1414 -0.0133365
10.2427 -0.0121141
10.344 -0.0105693
10.4454 -0.00793771
10.5467 -0.0128195
10.6481 -0.0121949
10.7494 -0.00966516
10.8507 -0.008215
10.9521 -0.00574748
11.0534 -0.00658932
11.1547 -0.00534274
11.2561 -0.00371593
11.3574 -0.00488148
11.4588 -0.00533259
11.5601 -0.00495883
11.6614 -0.00805144
11.7628 -0.00780044
11.8641 -0.00854135
11.9654 -0.00807378
12.0668 -0.00753423
12.1681 -0.00637887
12.2695 -0.00687407
12.3708 -0.00405613
12.4721 -0.00445115
12.5735 -0.00355454
12.6748 -0.00374681
12.7761 -0.00381125
