-13.065 0.00206182
-12.9636 0.00389993
-12.8623 0.00258021
-12.7609 -0.00352859
-12.6596 -0.010049
-12.5583 -0.00987328
-12.4569 -0.0021438
-12.3556 0.000418598
-12.2543 -0.00238839
-12.1529 -0.00751301
-12.0516 -0.0118636
-11.9502 -0.00996408
-11.8489 -0.00438485
-11.7476 -0.000148334
-11.6462 -0.00152773
-11.5449 -0.00618909
-11.4436 -0.0133915
-11.3422 -0.00843912
-11.2409 -0.00593738
-11.1395 -0.0104935
-11.0382 -0.0109338
-10.9369 -0.00988315
-10.8355 -0.00591762
-10.7342 -0.012873
-10.6328 -0.0275592
-10.5315 -0.03149
-10.4302 -0.0290537
-10.3288 -0.023109
-10.2275 -0.031543
-10.1262 -0.0391393
-10.0248 -0.0434719
-9.92349 -0.0549727
-9.82215 -0.0518764
-9.72082 -0.0516795
-9.61948 -0.0497619
-9.51814 -0.0366089
-9.4168 -0.0198889
-9.31546 -0.0228948
-9.21413 -0.0468195
-9.11279 -0.104476
-9.01145 -0.152894
-8.91011 -0.170164
-8.80878 -0.200917
-8.70744 -0.224346
-8.6061 -0.257939
-8.50476 -0.274694
-8.40343 -0.358439
-8.30209 -0.484732
-8.20075 -0.527573
-8.09941 -0.593701
-7.99808 -0.685215
-7.89674 -0.71339
-7.7954 -0.698138
-7.69406 -0.667243
-7.59272 -0.602579
-7.49139 -0.565596
-7.39005 -0.551055
-7.28871 -0.510442
-7.18737 -0.487381
-7.08604 -0.489795
-6.9847 -0.418525
-6.88336 -0.325857
-6.78202 -0.303578
-6.68069 -0.307226
-6.57935 -0.301002
-6.47801 -0.301196
-6.37667 -0.259694
-6.27533 -0.249403
-6.174 -0.374481
-6.07266 -0.51681
-5.97132 -0.678887
-5.86998 -0.860248
-5.76865 -0.99117
-5.66731 -1.08298
-5.56597 -1.12929
-5.46463 -1.01731
-5.3633 -0.871034
-5.26196 -0.79051
-5.16062 -0.730598
-5.05928 -0.703907
-4.95794 -0.759809
-4.85661 -0.817009
-4.75527 -0.839381
-4.65393 -0.901187
-4.55259 -0.918889
-4.45126 -0.828168
-4.34992 -0.691833
-4.24858 -0.572491
-4.14724 -0.490992
-4.04591 -0.480829
-3.94457 -0.425126
-3.84323 -0.370846
-3.74189 -0.326547
-3.64056 -0.296153
-3.53922 -0.285224
-3.43788 -0.274138
-3.33654 -0.277081
-3.23521 -0.287899
-3.13387 -0.311079
-3.03253 -0.328342
-2.93119 -0.388491
-2.82985 -0.523784
-2.72852 -0.671956
-2.62718 -0.72224
-2.52584 -0.755545
-2.4245 -0.805865
-2.32317 -0.837748
-2.22183 -0.798136
-2.12049 -0.679414
-2.01915 -0.591493
-1.91782 -0.520675
-1.81648 -0.437368
-1.71514 -0.455745
-1.6138 -0.504606
-1.51246 -0.512791
-1.41113 -0.48838
-1.30979 -0.414357
-1.20845 -0.411514
-1.10711 -0.471551
-1.00578 -0.454794
-0.904439 -0.392038
-0.803101 -0.403137
-0.701763 -0.434791
-0.600426 -0.463506
-0.499088 -0.475812
-0.39775 -0.458593
-0.296413 -0.540554
-0.195075 -0.656012
-0.093737 -0.677482
0.0076 -0.669019
0.108938 -0.6787
0.210276 -0.644087
0.311613 -0.521264
0.412951 -0.457567
0.514289 -0.477788
0.615626 -0.458462
0.716964 -0.431184
0.818302 -0.397647
0.919639 -0.397765
1.02098 -0.46383
1.12232 -0.464797
1.22365 -0.404755
1.32499 -0.424168
1.42633 -0.496469
1.52767 -0.512554
1.629 -0.500626
1.73034 -0.446909
1.83168 -0.445482
1.93302 -0.533863
2.03435 -0.601072
2.13569 -0.697754
2.23703 -0.810991
2.33837 -0.835623
2.4397 -0.798905
2.54104 -0.748414
2.64238 -0.718978
2.74372 -0.655225
2.84505 -0.499222
2.94639 -0.375026
3.04773 -0.324362
3.14907 -0.30842
3.25041 -0.284747
3.35174 -0.276701
3.45308 -0.274442
3.55442 -0.287645
3.65576 -0.298073
3.75709 -0.333814
3.85843 -0.376722
3.95977 -0.436233
4.06111 -0.482992
4.16244 -0.497249
4.26378 -0.589745
4.36512 -0.711125
4.46646 -0.847517
4.5678 -0.922897
4.66913 -0.891723
4.77047 -0.83364
4.87181 -0.812852
4.97315 -0.74756
5.07448 -0.70336
5.17582 -0.738565
5.27716 -0.800445
5.3785 -0.888145
5.47983 -1.04197
5.58117 -1.13101
5.68251 -1.06966
5.78385 -0.975556
5.88518 -0.834893
5.98652 -0.651729
6.08786 -0.495864
6.1892 -0.35183
6.29054 -0.241451
6.39187 -0.268762
6.49321 -0.302147
6.59455 -0.301654
6.69589 -0.307355
6.79722 -0.303527
6.89856 -0.33563
6.9999 -0.434252
7.10124 -0.492169
7.20257 -0.487527
7.30391 -0.51723
7.40525 -0.55471
7.50659 -0.567975
7.60792 -0.612439
7.70926 -0.674391
7.8106 -0.700935
7.91194 -0.713531
8.01328 -0.674287
8.11461 -0.579636
8.21595 -0.523036
8.31729 -0.470936
8.41863 -0.338713
8.51996 -0.271373
8.6213 -0.253502
8.72264 -0.220364
8.82398 -0.196546
8.92531 -0.166829
9.02665 -0.148899
9.12799 -0.0942814
9.22933 -0.0414092
9.33066 -0.0210001
9.432 -0.0215797
9.53334 -0.0392452
9.63468 -0.0507337
9.73602 -0.0513453
9.83735 -0.0526934
9.93869 -0.0541523
10.04 -0.0418706
10.1414 -0.0389303
10.2427 -0.0294432
10.344 -0.0234851
10.4454 -0.0297796
10.5467 -0.0314023
10.6481 -0.0259107
10.7494 -0.0108164
10.8507 -0.00624544
10.9521 -0.0102906
11.0534 -0.0109712
11.1547 -0.0100515
11.2561 -0.0054683
11.3574 -0.00970886
11.4588 -0.0129133
11.5601 -0.00506786
11.6614 -0.00116131
11.7628 -0.000340629
11.8641 -0.00533764
11.9654 -0.0105473
12.0668 -0.0116334
12.1681 -0.00659197
12.2695 -0.00187358
12.3708 0.000538743
12.4721 -0.00326478
12.5735 -0.0105548
12.6748 -0.00931447
12.7761 -0.0024543
