-13.065 -0.0065411
-12.9636 -0.0111553
-12.8623 -0.0112314
-12.7609 -0.00853239
-12.6596 -0.00745862
-12.5583 -0.00534597
-12.4569 -0.00415208
-12.3556 -0.001724
-12.2543 -0.00633324
-12.1529 -0.0129281
-12.0516 -0.0165956
-11.9502 -0.018754
-11.8489 -0.0140944
-11.7476 -0.0121482
-11.6462 -0.0116521
-11.5449 -0.00996057
-11.4436 -0.0123306
-11.3422 -0.0179666
-11.2409 -0.0188596
-11.1395 -0.0175031
-11.0382 -0.0170868
-10.9369 -0.00902615
-10.8355 -0.0126722
-10.7342 -0.0271819
-10.6328 -0.0311513
-10.5315 -0.0348673
-10.4302 -0.0420848
-10.3288 -0.0501851
-10.2275 -0.0499485
-10.1262 -0.0558399
-10.0248 -0.0651533
-9.92349 -0.0651842
-9.82215 -0.0569411
-9.72082 -0.055929
-9.61948 -0.0505503
-9.51814 -0.0603763
-9.4168 -0.0526974
-9.31546 -0.0546936
-9.21413 -0.0664459
-9.11279 -0.0647066
-9.01145 -0.0551684
-8.91011 -0.0776051
-8.80878 -0.121208
-8.70744 -0.128516
-8.6061 -0.123921
-8.50476 -0.219792
-8.40343 -0.40916
-8.30209 -0.793102
-8.20075 -1.29671
-8.09941 -1.22355
-7.99808 -0.805001
-7.89674 -0.58321
-7.7954 -0.514664
-7.69406 -0.509542
-7.59272 -0.474719
-7.49139 -0.43719
-7.39005 -0.405411
-7.28871 -0.397235
-7.18737 -0.457977
-7.08604 -0.50041
-6.9847 -0.546857
-6.88336 -0.557226
-6.78202 -0.554863
-6.68069 -0.536616
-6.57935 -0.516096
-6.47801 -0.535146
-6.37667 -0.534518
-6.27533 -0.592485
-6.174 -0.64618
-6.07266 -0.664757
-5.97132 -0.71503
-5.86998 -0.849514
-5.76865 -0.931194
-5.66731 -0.89089
-5.56597 -0.710846
-5.46463 -0.520708
-5.3633 -0.467239
-5.26196 -0.530403
-5.16062 -0.736722
-5.05928 -0.981722
-4.95794 -1.0331
-4.85661 -0.872224
-4.75527 -0.673053
-4.65393 -0.565949
-4.55259 -0.578031
-4.45126 -0.583795
-4.34992 -0.567153
-4.24858 -0.544884
-4.14724 -0.49378
-4.04591 -0.43573
-3.94457 -0.365422
-3.84323 -0.341066
-3.74189 -0.346295
-3.64056 -0.314998
-3.53922 -0.272336
-3.43788 -0.269376
-3.33654 -0.312845
-3.23521 -0.375794
-3.13387 -0.437531
-3.03253 -0.450205
-2.93119 -0.427303
-2.82985 -0.458926
-2.72852 -0.551659
-2.62718 -0.697786
-2.52584 -0.842743
-2.4245 -0.836653
-2.32317 -0.809062
-2.22183 -0.816052
-2.12049 -0.696813
-2.01915 -0.523309
-1.91782 -0.41154
-1.81648 -0.323975
-1.71514 -0.288548
-1.6138 -0.312638
-1.51246 -0.331064
-1.41113 -0.335485
-1.30979 -0.395666
-1.20845 -0.444468
-1.10711 -0.459776
-1.00578 -0.513317
-0.904439 -0.526864
-0.803101 -0.475336
-0.701763 -0.444896
-0.600426 -0.424542
-0.499088 -0.405132
-0.39775 -0.477537
-0.296413 -0.595792
-0.195075 -0.611985
-0.093737 -0.582
0.0076 -0.585765
0.108938 -0.583578
0.210276 -0.616648
0.311613 -0.582104
0.412951 -0.460092
0.514289 -0.404019
0.615626 -0.429163
0.716964 -0.447069
0.818302 -0.48353
0.919639 -0.530504
1.02098 -0.504983
1.12232 -0.455191
1.22365 -0.441496
1.32499 -0.384097
1.42633 -0.332278
1.52767 -0.330568
1.629 -0.307709
1.73034 -0.288951
1.83168 -0.335335
1.93302 -0.425852
2.03435 -0.545721
2.13569 -0.722968
2.23703 -0.82039
2.33837 -0.80774
2.4397 -0.844834
2.54104 -0.82906
2.64238 -0.671992
2.74372 -0.535126
2.84505 -0.449143
2.94639 -0.429231
3.04773 -0.452324
3.14907 -0.430276
3.25041 -0.365593
3.35174 -0.304685
3.45308 -0.266199
3.55442 -0.277276
3.65576 -0.321717
3.75709 -0.347286
3.85843 -0.340623
3.95977 -0.374805
4.06111 -0.445538
4.16244 -0.501987
4.26378 -0.550393
4.36512 -0.569068
4.46646 -0.585961
4.5678 -0.573453
4.66913 -0.572785
4.77047 -0.699706
4.87181 -0.90289
4.97315 -1.04233
5.07448 -0.952423
5.17582 -0.698011
5.27716 -0.512314
5.3785 -0.467629
5.47983 -0.541094
5.58117 -0.744433
5.68251 -0.90555
5.78385 -0.926673
5.88518 -0.828516
5.98652 -0.701291
6.08786 -0.662461
6.1892 -0.641092
6.29054 -0.581351
6.39187 -0.532051
6.49321 -0.534251
6.59455 -0.514721
6.69589 -0.542527
6.79722 -0.554044
6.89856 -0.558838
6.9999 -0.540164
7.10124 -0.494991
7.20257 -0.448428
7.30391 -0.393035
7.40525 -0.41091
7.50659 -0.441344
7.60792 -0.481935
7.70926 -0.51071
7.8106 -0.518701
7.91194 -0.603609
8.01328 -0.859747
8.11461 -1.27619
8.21595 -1.24432
8.31729 -0.714838
8.41863 -0.375169
8.51996 -0.197275
8.6213 -0.121072
8.72264 -0.129902
8.82398 -0.11638
8.92531 -0.0710698
9.02665 -0.0559627
9.12799 -0.065644
9.22933 -0.0656691
9.33066 -0.0525728
9.432 -0.0547424
9.53334 -0.0591387
9.63468 -0.0504919
9.73602 -0.0565399
9.83735 -0.0575172
9.93869 -0.0663
10.04 -0.0639197
10.1414 -0.0544937
10.2427 -0.0498807
10.344 -0.0496405
10.4454 -0.0405773
10.5467 -0.0342002
10.6481 -0.0307739
10.7494 -0.0256907
10.8507 -0.0106291
10.9521 -0.0102959
11.0534 -0.01753
11.1547 -0.0175348
11.2561 -0.0190618
11.3574 -0.0173129
11.4588 -0.0116029
11.5601 -0.0101388
11.6614 -0.0118345
11.7628 -0.0121515
11.8641 -0.0148115
11.9654 -0.0189682
12.0668 -0.0159136
12.1681 -0.0123412
12.2695 -0.00509352
12.3708 -0.00194168
12.4721 -0.00436546
12.5735 -0.00566864
12.6748 -0.00763213
12.7761 -0.00884995
