-13.065 0.000603089
-12.9636 0.00302945
-12.8623 0.00550364
-12.7609 0.0100602
-12.6596 0.0114924
-12.5583 0.0103683
-12.4569 0.00861798
-12.3556 0.00651357
-12.2543 0.0063291
-12.1529 0.00156285
-12.0516 -0.00340235
-11.9502 -0.0103919
-11.8489 -0.0194905
-11.7476 -0.0196699
-11.6462 -0.0113612
-11.5449 -0.00213375
-11.4436 -0.0031804
-11.3422 -0.00179961
-11.2409 -0.000525371
-11.1395 -0.00606778
-11.0382 -0.0115622
-10.9369 -0.00925114
-10.8355 -0.0123523
-10.7342 -0.0220366
-10.6328 -0.0262726
-10.5315 -0.0227988
-10.4302 -0.0261182
-10.3288 -0.0190559
-10.2275 -0.0041749
-10.1262 0.00611313
-10.0248 0.0123489
-9.92349 0.00506682
-9.82215 -0.0128587
-9.72082 -0.0183576
-9.61948 -0.0258049
-9.51814 -0.0355878
-9.4168 -0.03195
-9.31546 -0.0420816
-9.21413 -0.0555503
-9.11279 -0.0675566
-9.01145 -0.0833828
-8.91011 -0.105263
-8.80878 -0.136574
-8.70744 -0.171444
-8.6061 -0.204467
-8.50476 -0.212541
-8.40343 -0.221603
-8.30209 -0.248217
-8.20075 -0.265734
-8.09941 -0.285692
-7.99808 -0.292858
-7.89674 -0.318917
-7.7954 -0.365307
-7.69406 -0.410642
-7.59272 -0.454993
-7.49139 -0.545695
-7.39005 -0.631201
-7.28871 -0.615605
-7.18737 -0.549763
-7.08604 -0.479205
-6.9847 -0.406849
-6.88336 -0.376359
-6.78202 -0.38458
-6.68069 -0.400202
-6.57935 -0.359285
-6.47801 -0.328104
-6.37667 -0.369831
-6.27533 -0.370155
-6.174 -0.372641
-6.07266 -0.384849
-5.97132 -0.413323
-5.86998 -0.467589
-5.76865 -0.536186
-5.66731 -0.602558
-5.56597 -0.650447
-5.46463 -0.699957
-5.3633 -0.745963
-5.26196 -0.760165
-5.16062 -0.757338
-5.05928 -0.741624
-4.95794 -0.747765
-4.85661 -0.760004
-4.75527 -0.682952
-4.65393 -0.618713
-4.55259 -0.655518
-4.45126 -0.720251
-4.34992 -0.780823
-4.24858 -0.781342
-4.14724 -0.70138
-4.04591 -0.587162
-3.94457 -0.489894
-3.84323 -0.455205
-3.74189 -0.45983
-3.64056 -0.508058
-3.53922 -0.584006
-3.43788 -0.641657
-3.33654 -0.662546
-3.23521 -0.653199
-3.13387 -0.618713
-3.03253 -0.641765
-2.93119 -0.613857
-2.82985 -0.577297
-2.72852 -0.623376
-2.62718 -0.718753
-2.52584 -0.838223
-2.4245 -0.853537
-2.32317 -0.808199
-2.22183 -0.739595
-2.12049 -0.712112
-2.01915 -0.731015
-1.91782 -0.699543
-1.81648 -0.703248
-1.71514 -0.736905
-1.6138 -0.678507
-1.51246 -0.631552
-1.41113 -0.629863
-1.30979 -0.606659
-1.20845 -0.575317
-1.10711 -0.538201
-1.00578 -0.497325
-0.904439 -0.482429
-0.803101 -0.455085
-0.701763 -0.471892
-0.600426 -0.504807
-0.499088 -0.547002
-0.39775 -0.639243
-0.296413 -0.669356
-0.195075 -0.672312
-0.093737 -0.740642
0.0076 -0.791825
0.108938 -0.727237
0.210276 -0.668595
0.311613 -0.669659
0.412951 -0.627059
0.514289 -0.535938
0.615626 -0.501747
0.716964 -0.46564
0.818302 -0.458463
0.919639 -0.484953
1.02098 -0.501524
1.12232 -0.545039
1.22365 -0.579723
1.32499 -0.611533
1.42633 -0.630693
1.52767 -0.633885
1.629 -0.69044
1.73034 -0.737074
1.83168 -0.697026
1.93302 -0.705648
2.03435 -0.730499
2.13569 -0.710765
2.23703 -0.749855
2.33837 -0.81658
2.4397 -0.857535
2.54104 -0.825099
2.64238 -0.700221
2.74372 -0.613742
2.84505 -0.576549
2.94639 -0.623493
3.04773 -0.63772
3.14907 -0.620849
3.25041 -0.657952
3.35174 -0.660679
3.45308 -0.635872
3.55442 -0.57245
3.65576 -0.49816
3.75709 -0.456591
3.85843 -0.457411
3.95977 -0.500503
4.06111 -0.605039
4.16244 -0.716427
4.26378 -0.787389
4.36512 -0.773526
4.46646 -0.710509
4.5678 -0.646285
4.66913 -0.621383
4.77047 -0.698262
4.87181 -0.763019
4.97315 -0.743865
5.07448 -0.744202
5.17582 -0.758399
5.27716 -0.759806
5.3785 -0.740728
5.47983 -0.692058
5.58117 -0.643652
5.68251 -0.593997
5.78385 -0.525177
5.88518 -0.458578
5.98652 -0.406871
6.08786 -0.383031
6.1892 -0.370635
6.29054 -0.372103
6.39187 -0.364568
6.49321 -0.326141
6.59455 -0.369057
6.69589 -0.399899
6.79722 -0.381952
6.89856 -0.377647
6.9999 -0.416085
7.10124 -0.490451
7.20257 -0.559962
7.30391 -0.623389
7.40525 -0.624148
7.50659 -0.529101
7.60792 -0.446549
7.70926 -0.404441
7.8106 -0.358065
7.91194 -0.312995
8.01328 -0.29166
8.11461 -0.283404
8.21595 -0.262909
8.31729 -0.244834
8.41863 -0.218318
8.51996 -0.21274
8.6213 -0.200603
8.72264 -0.16602
8.82398 -0.131539
8.92531 -0.101311
9.02665 -0.0807894
9.12799 -0.0654903
9.22933 -0.0538621
9.33066 -0.0397528
9.432 -0.0320685
9.53334 -0.0353614
9.63468 -0.0237065
9.73602 -0.0182717
9.83735 -0.0105272
9.93869 0.00725035
10.04 0.012039
10.1414 0.00469272
10.2427 -0.00606429
10.344 -0.0212146
10.4454 -0.0256496
10.5467 -0.0230071
10.6481 -0.026441
10.7494 -0.0205847
10.8507 -0.0112486
10.9521 -0.00962387
11.0534 -0.0113204
11.1547 -0.00488852
11.2561 -0.000310893
11.3574 -0.00229496
11.4588 -0.00287014
11.5601 -0.00280541
11.6614 -0.0131021
11.7628 -0.0201772
11.8641 -0.0186246
11.9654 -0.00886463
12.0668 -0.00283563
12.1681 0.00254255
12.2695 0.0064823
12.3708 0.00668766
12.4721 0.00896253
12.5735 0.0105689
12.6748 0.0115257
12.7761 0.00947031
