-13.065 -0.010703
-12.9636 -0.0195169
-12.8623 -0.0244845
-12.7609 -0.0176989
-12.6596 -0.0137053
-12.5583 -0.0125933
-12.4569 -0.00912389
-12.3556 -0.00859562
-12.2543 -0.0165573
-12.1529 -0.016725
-12.0516 -0.0111543
-11.9502 -0.00452705
-11.8489 0.000358003
-11.7476 -0.0104597
-11.6462 -0.0145812
-11.5449 -0.00982137
-11.4436 -0.00342269
-11.3422 0.00376505
-11.2409 0.00812493
-11.1395 0.0112097
-11.0382 0.00618076
-10.9369 -0.00149188
-10.8355 0.00450099
-10.7342 0.0116626
-10.6328 0.0173154
-10.5315 0.0129818
-10.4302 0.0088799
-10.3288 -0.00400514
-10.2275 -0.0130525
-10.1262 -0.0154383
-10.0248 -0.0146755
-9.92349 -0.0215203
-9.82215 -0.031048
-9.72082 -0.0371162
-9.61948 -0.035336
-9.51814 -0.0499294
-9.4168 -0.0539983
-9.31546 -0.0472647
-9.21413 -0.0445058
-9.11279 -0.0136417
-9.01145 -0.00573019
-8.91011 -0.0440188
-8.80878 -0.11017
-8.70744 -0.176129
-8.6061 -0.180455
-8.50476 -0.139994
-8.40343 -0.166802
-8.30209 -0.249541
-8.20075 -0.291906
-8.09941 -0.272316
-7.99808 -0.31084
-7.89674 -0.401218
-7.7954 -0.416312
-7.69406 -0.408099
-7.59272 -0.514174
-7.49139 -0.578602
-7.39005 -0.518584
-7.28871 -0.489669
-7.18737 -0.505107
-7.08604 -0.398138
-6.9847 -0.248776
-6.88336 -0.26918
-6.78202 -0.297972
-6.68069 -0.219127
-6.57935 -0.17748
-6.47801 -0.172879
-6.37667 -0.156618
-6.27533 -0.190159
-6.174 -0.276987
-6.07266 -0.373814
-5.97132 -0.375321
-5.86998 -0.361395
-5.76865 -0.361882
-5.66731 -0.358018
-5.56597 -0.427441
-5.46463 -0.518747
-5.3633 -0.619714
-5.26196 -0.714675
-5.16062 -0.764557
-5.05928 -0.743267
-4.95794 -0.761829
-4.85661 -0.880325
-4.75527 -0.970442
-4.65393 -0.973565
-4.55259 -0.895008
-4.45126 -0.787187
-4.34992 -0.815132
-4.24858 -0.874591
-4.14724 -0.832435
-4.04591 -0.828184
-3.94457 -0.806824
-3.84323 -0.759722
-3.74189 -0.605415
-3.64056 -0.449464
-3.53922 -0.422111
-3.43788 -0.399562
-3.33654 -0.389383
-3.23521 -0.429267
-3.13387 -0.41432
-3.03253 -0.384559
-2.93119 -0.369485
-2.82985 -0.349438
-2.72852 -0.379561
-2.62718 -0.452827
-2.52584 -0.555694
-2.4245 -0.59345
-2.32317 -0.644059
-2.22183 -0.776868
-2.12049 -0.956478
-2.01915 -1.02239
-1.91782 -0.956796
-1.81648 -0.853565
-1.71514 -0.768952
-1.6138 -0.70347
-1.51246 -0.696342
-1.41113 -0.74002
-1.30979 -0.817578
-1.20845 -1.008
-1.10711 -1.17648
-1.00578 -1.03293
-0.904439 -0.778879
-0.803101 -0.650434
-0.701763 -0.608918
-0.600426 -0.646768
-0.499088 -0.647719
-0.39775 -0.626922
-0.296413 -0.591118
-0.195075 -0.572514
-0.093737 -0.585474
0.0076 -0.590827
0.108938 -0.583488
0.210276 -0.572305
0.311613 -0.597103
0.412951 -0.630465
0.514289 -0.650502
0.615626 -0.64128
0.716964 -0.608265
0.818302 -0.664161
0.919639 -0.809076
1.02098 -1.0723
1.12232 -1.1673
1.22365 -0.97303
1.32499 -0.800223
1.42633 -0.732622
1.52767 -0.692453
1.629 -0.711136
1.73034 -0.780268
1.83168 -0.868603
1.93302 -0.970944
2.03435 -1.02318
2.13569 -0.932864
2.23703 -0.751383
2.33837 -0.631667
2.4397 -0.590287
2.54104 -0.543463
2.64238 -0.437819
2.74372 -0.372756
2.84505 -0.349311
2.94639 -0.373746
3.04773 -0.3862
3.14907 -0.420828
3.25041 -0.424225
3.35174 -0.386586
3.45308 -0.404445
3.55442 -0.423053
3.65576 -0.463449
3.75709 -0.635322
3.85843 -0.771016
3.95977 -0.811919
4.06111 -0.827626
4.16244 -0.838238
4.26378 -0.87421
4.36512 -0.80164
4.46646 -0.798152
4.5678 -0.911737
4.66913 -0.978361
4.77047 -0.962469
4.87181 -0.861014
4.97315 -0.750947
5.07448 -0.748228
5.17582 -0.761885
5.27716 -0.702317
5.3785 -0.603924
5.47983 -0.504921
5.58117 -0.413899
5.68251 -0.354481
5.78385 -0.364
5.88518 -0.360475
5.98652 -0.379969
6.08786 -0.363887
6.1892 -0.26092
6.29054 -0.181485
6.39187 -0.15697
6.49321 -0.17524
6.59455 -0.178568
6.69589 -0.232253
6.79722 -0.30208
6.89856 -0.258572
6.9999 -0.261868
7.10124 -0.423781
7.20257 -0.506812
7.30391 -0.488302
7.40525 -0.529341
7.50659 -0.579181
7.60792 -0.494577
7.70926 -0.402817
7.8106 -0.419998
7.91194 -0.39006
8.01328 -0.298885
8.11461 -0.274565
8.21595 -0.29112
8.31729 -0.23726
8.41863 -0.15728
8.51996 -0.143751
8.6213 -0.185166
8.72264 -0.168475
8.82398 -0.0992899
8.92531 -0.0359892
9.02665 -0.00373116
9.12799 -0.0184361
9.22933 -0.0468734
9.33066 -0.0470243
9.432 -0.0554133
9.53334 -0.0469792
9.63468 -0.0351105
9.73602 -0.0368169
9.83735 -0.0297449
9.93869 -0.0199937
10.04 -0.0146517
10.1414 -0.0153591
10.2427 -0.0123259
10.344 -0.00178683
10.4454 0.00986222
10.5467 0.0137426
10.6481 0.0171356
10.7494 0.0104668
10.8507 0.00336205
10.9521 -0.00131616
11.0534 0.00775432
11.1547 0.0109054
11.2561 0.00769513
11.3574 0.00275626
11.4588 -0.00441901
11.5601 -0.0107332
11.6614 -0.0148084
11.7628 -0.00863986
11.8641 0.000795923
11.9654 -0.00599091
12.0668 -0.0118006
12.1681 -0.0175941
12.2695 -0.0152764
12.3708 -0.00812555
12.4721 -0.0096255
12.5735 -0.0129913
12.6748 -0.0137977
12.7761 -0.0190082
