-13.065 -0.000738269
-12.9636 -0.00729743
-12.8623 -0.000799297
-12.7609 -0.0074965
-12.6596 -0.00104671
-12.5583 -0.00762063
-12.4569 -0.00144724
-12.3556 -0.00762447
-12.2543 -0.00201711
-12.1529 -0.00752338
-12.0516 -0.00274158
-11.9502 -0.00731062
-11.8489 -0.00361824
-11.7476 -0.00699039
-11.6462 -0.00464585
-11.5449 -0.00657955
-11.4436 -0.00583127
-11.3422 -0.00616722
-11.2409 -0.00714158
-11.1395 -0.00568898
-11.0382 -0.00855586
-10.9369 -0.0052121
-10.8355 -0.0100681
-10.7342 -0.00480378
-10.6328 -0.0116463
-10.5315 -0.00445211
-10.4302 -0.0132855
-10.3288 -0.00429287
-10.2275 -0.0149429
-10.1262 -0.00429199
-10.0248 -0.0166053
-9.92349 -0.00458779
-9.82215 -0.0182964
-9.72082 -0.00519425
-9.61948 -0.0199345
-9.51814 -0.00623301
-9.4168 -0.0216162
-9.31546 -0.00780883
-9.21413 -0.0233213
-9.11279 -0.0100172
-9.01145 -0.0251148
-8.91011 -0.0130183
-8.80878 -0.027077
-8.70744 -0.0170385
-8.6061 -0.029411
-8.50476 -0.0223523
-8.40343 -0.0323364
-8.30209 -0.0294146
-8.20075 -0.0362883
-8.09941 -0.0389039
-7.99808 -0.0419979
-7.89674 -0.0520307
-7.7954 -0.0508114
-7.69406 -0.0709186
-7.59272 -0.065291
-7.49139 -0.0998713
-7.39005 -0.0909231
-7.28871 -0.148423
-7.18737 -0.141284
-7.08604 -0.241723
-6.9847 -0.256854
-6.88336 -0.464055
-6.78202 -0.604523
-6.68069 -1.23903
-6.57935 -2.33333
-6.47801 -5.64462
-6.37667 -5.96062
-6.27533 -2.59084
-6.174 -1.30962
-6.07266 -0.66046
-5.97132 -0.478983
-5.86998 -0.288036
-5.76865 -0.250371
-5.66731 -0.169855
-5.56597 -0.159312
-5.46463 -0.122544
-5.3633 -0.116383
-5.26196 -0.103201
-5.16062 -0.0962277
-5.05928 -0.0985973
-4.95794 -0.0906512
-4.85661 -0.105349
-4.75527 -0.0988268
-4.65393 -0.125977
-4.55259 -0.126706
-4.45126 -0.171907
-4.34992 -0.194849
-4.24858 -0.28149
-4.14724 -0.378332
-4.04591 -0.616508
-3.94457 -1.05842
-3.84323 -2.15905
-3.74189 -3.68937
-3.64056 -2.98501
-3.53922 -1.40585
-3.43788 -0.80851
-3.33654 -0.436477
-3.23521 -0.338546
-3.13387 -0.20229
-3.03253 -0.193086
-2.93119 -0.119285
-2.82985 -0.13143
-2.72852 -0.0834769
-2.62718 -0.100404
-2.52584 -0.0675836
-2.4245 -0.083866
-2.32317 -0.0625308
-2.22183 -0.0762725
-2.12049 -0.0655791
-2.01915 -0.0767172
-1.91782 -0.0778023
-1.81648 -0.0883053
-1.71514 -0.105845
-1.6138 -0.123142
-1.51246 -0.173496
-1.41113 -0.227868
-1.30979 -0.387485
-1.20845 -0.65805
-1.10711 -1.38292
-1.00578 -1.89526
-0.904439 -1.2184
-0.803101 -0.585833
-0.701763 -0.356783
-0.600426 -0.208683
-0.499088 -0.175285
-0.39775 -0.110716
-0.296413 -0.12109
-0.195075 -0.0770447
-0.093737 -0.104025
0.0076 -0.0679753
0.108938 -0.105588
0.210276 -0.0765578
0.311613 -0.126369
0.412951 -0.110941
0.514289 -0.187438
0.615626 -0.215435
0.716964 -0.391621
0.818302 -0.636986
0.919639 -1.35928
1.02098 -1.89463
1.12232 -1.25039
1.22365 -0.595613
1.32499 -0.360963
1.42633 -0.211954
1.52767 -0.16949
1.629 -0.114695
1.73034 -0.107797
1.83168 -0.0815332
1.93302 -0.0821106
2.03435 -0.0705243
2.13569 -0.0710335
2.23703 -0.0705626
2.33837 -0.0686008
2.4397 -0.0788802
2.54104 -0.0740472
2.64238 -0.0966464
2.74372 -0.0904562
2.84505 -0.129883
2.94639 -0.127656
3.04773 -0.196089
3.14907 -0.215545
3.25041 -0.35394
3.35174 -0.471016
3.45308 -0.876732
3.55442 -1.57032
3.65576 -3.23979
3.75709 -3.55023
3.85843 -1.91963
3.95977 -0.974737
4.06111 -0.56547
4.16244 -0.36131
4.26378 -0.26596
4.36512 -0.188828
4.46646 -0.166891
4.5678 -0.122535
4.66913 -0.126018
4.77047 -0.094315
4.87181 -0.10884
4.97315 -0.0851514
5.07448 -0.105055
5.17582 -0.089611
5.27716 -0.112722
5.3785 -0.108833
5.47983 -0.135889
5.58117 -0.151568
5.68251 -0.189301
5.78385 -0.244899
5.88518 -0.32114
5.98652 -0.486673
6.08786 -0.742871
6.1892 -1.40702
6.29054 -3.01241
6.39187 -6.3159
6.49321 -5.13234
6.59455 -2.03872
6.69589 -1.14065
6.79722 -0.551803
6.89856 -0.445303
6.9999 -0.23682
7.10124 -0.239082
7.20257 -0.128883
7.30391 -0.150952
7.40525 -0.0811112
7.50659 -0.10447
7.60792 -0.056684
7.70926 -0.0763613
7.8106 -0.0429974
7.91194 -0.0577091
8.01328 -0.0348629
8.11461 -0.0444668
8.21595 -0.0298291
8.31729 -0.034633
8.41863 -0.0265805
8.51996 -0.0270742
8.6213 -0.0243934
8.72264 -0.0211628
8.82398 -0.02282
8.92531 -0.0164855
9.02665 -0.0216318
9.12799 -0.0127894
9.22933 -0.0206069
9.33066 -0.00987954
9.432 -0.0196493
9.53334 -0.00761652
9.63468 -0.0186805
9.73602 -0.0059284
9.83735 -0.0177061
9.93869 -0.00471138
10.04 -0.0166149
10.1414 -0.00388001
10.2427 -0.0154787
10.344 -0.00340492
10.4454 -0.0142627
10.5467 -0.00317559
10.6481 -0.0130028
10.7494 -0.00322106
10.8507 -0.0116879
10.9521 -0.00341074
11.0534 -0.0103618
11.1547 -0.00375042
11.2561 -0.0090491
11.3574 -0.00417689
11.4588 -0.00775452
11.5601 -0.00461439
11.6614 -0.00652278
11.7628 -0.00511623
11.8641 -0.00537368
11.9654 -0.00559173
12.0668 -0.00432144
12.1681 -0.0060081
12.2695 -0.00337569
12.3708 -0.00635272
12.4721 -0.00254779
12.5735 -0.00662124
12.6748 -0.00186718
12.7761 -0.00678984
