-13.065 -0.00499839
-12.9636 -0.00513187
-12.8623 -0.00527112
-12.7609 -0.00541681
-12.6596 -0.00556905
-12.5583 -0.00572842
-12.4569 -0.00589557
-12.3556 -0.00607068
-12.2543 -0.00625448
-12.1529 -0.00644778
-12.0516 -0.00665088
-11.9502 -0.00686491
-11.8489 -0.00709026
-11.7476 -0.00732802
-11.6462 -0.00757943
-11.5449 -0.00784508
-11.4436 -0.00812639
-11.3422 -0.00842499
-11.2409 -0.00874177
-11.1395 -0.00907899
-11.0382 -0.00943781
-10.9369 -0.0098206
-10.8355 -0.0102301
-10.7342 -0.010668
-10.6328 -0.0111382
-10.5315 -0.011643
-10.4302 -0.0121867
-10.3288 -0.0127741
-10.2275 -0.013409
-10.1262 -0.0140976
-10.0248 -0.0148473
-9.92349 -0.0156641
-9.82215 -0.0165579
-9.72082 -0.0175387
-9.61948 -0.0186189
-9.51814 -0.0198128
-9.4168 -0.0211379
-9.31546 -0.0226148
-9.21413 -0.0242684
-9.11279 -0.0261296
-9.01145 -0.028236
-8.91011 -0.0306342
-8.80878 -0.0333824
-8.70744 -0.0365554
-8.6061 -0.0402479
-8.50476 -0.0445836
-8.40343 -0.049725
-8.30209 -0.0558919
-8.20075 -0.0633825
-8.09941 -0.0726134
-7.99808 -0.0841785
-7.89674 -0.0989531
-7.7954 -0.118258
-7.69406 -0.144171
-7.59272 -0.180099
-7.49139 -0.231923
-7.39005 -0.310487
-7.28871 -0.437294
-7.18737 -0.659111
-7.08604 -1.08805
-6.9847 -2.00479
-6.88336 -3.81992
-6.78202 -4.72905
-6.68069 -2.87097
-6.57935 -1.49554
-6.47801 -0.859931
-6.37667 -0.551356
-6.27533 -0.385478
-6.174 -0.28852
-6.07266 -0.228371
-5.97132 -0.189721
-5.86998 -0.164694
-5.76865 -0.149053
-5.66731 -0.14053
-5.56597 -0.138073
-5.46463 -0.141539
-5.3633 -0.151684
-5.26196 -0.170453
-5.16062 -0.201736
-5.05928 -0.253135
-4.95794 -0.340181
-4.85661 -0.497196
-4.75527 -0.80746
-4.65393 -1.47809
-4.55259 -2.76228
-4.45126 -3.18862
-4.34992 -1.87006
-4.24858 -0.984117
-4.14724 -0.575287
-4.04591 -0.374084
-3.94457 -0.264093
-3.84323 -0.198494
-3.74189 -0.156685
-3.64056 -0.128705
-3.53922 -0.109318
-3.43788 -0.0956082
-3.33654 -0.0858632
-3.23521 -0.0790588
-3.13387 -0.0745902
-3.03253 -0.072146
-2.93119 -0.0716563
-2.82985 -0.073313
-2.72852 -0.0776806
-2.62718 -0.0859904
-2.52584 -0.100866
-2.4245 -0.128246
-2.32317 -0.182721
-2.22183 -0.299504
-2.12049 -0.49777
-2.01915 -0.497247
-1.91782 -0.313046
-1.81648 -0.215099
-1.71514 -0.181615
-1.6138 -0.181514
-1.51246 -0.206306
-1.41113 -0.26131
-1.30979 -0.368295
-1.20845 -0.585032
-1.10711 -1.05653
-1.00578 -1.93255
-0.904439 -2.12475
-0.803101 -1.23939
-0.701763 -0.682691
-0.600426 -0.433664
-0.499088 -0.32094
-0.39775 -0.274212
-0.296413 -0.269568
-0.195075 -0.305658
-0.093737 -0.40268
0.0076 -0.623012
0.108938 -1.12036
0.210276 -1.91983
0.311613 -1.75679
0.412951 -0.959453
0.514289 -0.526506
0.615626 -0.324985
0.716964 -0.222051
0.818302 -0.163805
0.919639 -0.128058
1.02098 -0.104747
1.12232 -0.0888706
1.22365 -0.0777405
1.32499 -0.0698224
1.42633 -0.0642053
1.52767 -0.0603341
1.629 -0.0578765
1.73034 -0.0566526
1.83168 -0.0566061
1.93302 -0.0578027
2.03435 -0.0604633
2.13569 -0.0650569
2.23703 -0.0725167
2.33837 -0.0847793
2.4397 -0.106214
2.54104 -0.147569
2.64238 -0.232463
2.74372 -0.344311
2.84505 -0.303283
2.94639 -0.221634
3.04773 -0.197707
3.14907 -0.213154
3.25041 -0.261947
3.35174 -0.357117
3.45308 -0.539637
3.55442 -0.916364
3.65576 -1.73766
3.75709 -2.97303
3.85843 -2.59169
3.95977 -1.38326
4.06111 -0.748423
4.16244 -0.453525
4.26378 -0.302937
4.36512 -0.217941
4.46646 -0.165982
4.5678 -0.132238
4.66913 -0.109309
4.77047 -0.0932042
4.87181 -0.0816389
4.97315 -0.0732358
5.07448 -0.0671334
5.17582 -0.0627772
5.27716 -0.0598083
5.3785 -0.0579956
5.47983 -0.0571987
5.58117 -0.057346
5.68251 -0.0584237
5.78385 -0.0604724
5.88518 -0.0635902
5.98652 -0.0679446
6.08786 -0.0737913
6.1892 -0.0815094
6.29054 -0.0916579
6.39187 -0.105069
6.49321 -0.123015
6.59455 -0.147494
6.69589 -0.181771
6.79722 -0.23145
6.89856 -0.306763
6.9999 -0.427763
7.10124 -0.63743
7.20257 -1.03734
7.30391 -1.88307
7.40525 -3.6357
7.50659 -5.03111
7.60792 -3.30045
7.70926 -1.70358
7.8106 -0.953474
7.91194 -0.593331
8.01328 -0.401108
8.11461 -0.288391
8.21595 -0.217192
8.31729 -0.169541
8.41863 -0.136153
8.51996 -0.11188
8.6213 -0.0936844
8.72264 -0.0796974
8.82398 -0.0687128
8.92531 -0.0599273
9.02665 -0.052787
9.12799 -0.0469036
9.22933 -0.0419963
9.33066 -0.0378591
9.432 -0.0343366
9.53334 -0.0313116
9.63468 -0.0286935
9.73602 -0.0264113
9.83735 -0.0244093
9.93869 -0.0226421
10.04 -0.0210744
10.1414 -0.0196751
10.2427 -0.0184226
10.344 -0.0172955
10.4454 -0.0162762
10.5467 -0.0153528
10.6481 -0.0145118
10.7494 -0.0137448
10.8507 -0.0130424
10.9521 -0.0123968
11.0534 -0.0118029
11.1547 -0.0112546
11.2561 -0.0107468
11.3574 -0.0102763
11.4588 -0.00983856
11.5601 -0.00943131
11.6614 -0.00905131
11.7628 -0.00869573
11.8641 -0.00836308
11.9654 -0.00805106
12.0668 -0.00775764
12.1681 -0.00748184
12.2695 -0.00722171
12.3708 -0.00697652
12.4721 -0.00674486
12.5735 -0.0065255
12.6748 -0.00631796
12.7761 -0.00612115
