-13.065 -0.00468399
-12.9636 -0.00480276
-12.8623 -0.00492638
-12.7609 -0.00505541
-12.6596 -0.0051899
-12.5583 -0.00533033
-12.4569 -0.00547722
-12.3556 -0.00563067
-12.2543 -0.00579128
-12.1529 -0.00595969
-12.0516 -0.00613607
-11.9502 -0.00632135
-11.8489 -0.00651577
-11.7476 -0.00672017
-11.6462 -0.00693551
-11.5449 -0.00716216
-11.4436 -0.00740121
-11.3422 -0.00765389
-11.2409 -0.00792076
-11.1395 -0.00820354
-11.0382 -0.00850297
-10.9369 -0.00882078
-10.8355 -0.00915892
-10.7342 -0.00951851
-10.6328 -0.00990229
-10.5315 -0.0103117
-10.4302 -0.0107498
-10.3288 -0.0112197
-10.2275 -0.0117239
-10.1262 -0.0122663
-10.0248 -0.0128519
-9.92349 -0.0134842
-9.82215 -0.0141695
-9.72082 -0.0149137
-9.61948 -0.0157245
-9.51814 -0.01661
-9.4168 -0.0175804
-9.31546 -0.0186471
-9.21413 -0.0198239
-9.11279 -0.0211272
-9.01145 -0.0225765
-8.91011 -0.0241953
-8.80878 -0.0260118
-8.70744 -0.0280612
-8.6061 -0.0303863
-8.50476 -0.0330405
-8.40343 -0.0360905
-8.30209 -0.0396224
-8.20075 -0.0437456
-8.09941 -0.0486036
-7.99808 -0.0543856
-7.89674 -0.0613484
-7.7954 -0.0698423
-7.69406 -0.0803596
-7.59272 -0.0936073
-7.49139 -0.110628
-7.39005 -0.133019
-7.28871 -0.163307
-7.18737 -0.205682
-7.08604 -0.267471
-6.9847 -0.362392
-6.88336 -0.518161
-6.78202 -0.796367
-6.68069 -1.34744
-6.57935 -2.53966
-6.47801 -4.66923
-6.37667 -4.8677
-6.27533 -2.72175
-6.174 -1.43488
-6.07266 -0.842481
-5.97132 -0.547801
-5.86998 -0.385462
-5.76865 -0.288353
-5.66731 -0.226581
-5.56597 -0.185557
-5.46463 -0.157576
-5.3633 -0.138322
-5.26196 -0.125278
-5.16062 -0.11697
-5.05928 -0.112571
-4.95794 -0.111716
-4.85661 -0.11443
-4.75527 -0.121145
-4.65393 -0.132826
-4.55259 -0.151249
-4.45126 -0.179589
-4.34992 -0.223669
-4.24858 -0.294752
-4.14724 -0.416397
-4.04591 -0.642723
-3.94457 -1.10904
-3.84323 -2.11788
-3.74189 -3.4766
-3.64056 -2.8056
-3.53922 -1.47875
-3.43788 -0.809493
-3.33654 -0.496623
-3.23521 -0.335197
-3.13387 -0.243295
-3.03253 -0.186795
-2.93119 -0.150008
-2.82985 -0.125051
-2.72852 -0.107666
-2.62718 -0.0954154
-2.52584 -0.0868599
-2.4245 -0.0811378
-2.32317 -0.0777571
-2.22183 -0.0764898
-2.12049 -0.0773352
-2.01915 -0.0805321
-1.91782 -0.0866339
-1.81648 -0.0966851
-1.71514 -0.112587
-1.6138 -0.1379
-1.51246 -0.179687
-1.41113 -0.253165
-1.30979 -0.394442
-1.20845 -0.694307
-1.10711 -1.31405
-1.00578 -1.79054
-0.904439 -1.17524
-0.803101 -0.621342
-0.701763 -0.362475
-0.600426 -0.239118
-0.499088 -0.174586
-0.39775 -0.138549
-0.296413 -0.118411
-0.195075 -0.10921
-0.093737 -0.109899
0.0076 -0.11376
0.108938 -0.109222
0.210276 -0.109956
0.311613 -0.120671
0.412951 -0.142745
0.514289 -0.181988
0.615626 -0.252735
0.716964 -0.389764
0.818302 -0.681024
0.919639 -1.28853
1.02098 -1.79454
1.12232 -1.19963
1.22365 -0.632905
1.32499 -0.366334
1.42633 -0.239085
1.52767 -0.17191
1.629 -0.133285
1.73034 -0.109716
1.83168 -0.0948644
1.93302 -0.0854996
2.03435 -0.0798853
2.13569 -0.0770673
2.23703 -0.0765477
2.33837 -0.0781266
2.4397 -0.0818381
2.54104 -0.0879463
2.64238 -0.09699
2.74372 -0.109901
2.84505 -0.128234
2.94639 -0.154632
3.04773 -0.193748
3.14907 -0.254276
3.25041 -0.353741
3.35174 -0.530813
3.45308 -0.879561
3.55442 -1.63229
3.65576 -3.03085
3.75709 -3.34176
3.85843 -1.91816
3.95977 -1.01405
4.06111 -0.598262
4.16244 -0.393353
4.26378 -0.281657
4.36512 -0.215703
4.46646 -0.174519
4.5678 -0.147951
4.66913 -0.130699
4.77047 -0.119852
4.87181 -0.113783
4.97315 -0.111622
5.07448 -0.113
5.17582 -0.117952
5.27716 -0.126905
5.3785 -0.140767
5.47983 -0.161137
5.58117 -0.19074
5.68251 -0.234269
5.78385 -0.300171
5.88518 -0.4046
5.98652 -0.581096
6.08786 -0.906088
6.1892 -1.56977
6.29054 -3.00937
6.39187 -5.10646
6.49321 -4.34327
6.59455 -2.29716
6.69589 -1.23647
6.79722 -0.74255
6.89856 -0.489103
6.9999 -0.345194
7.10124 -0.256531
7.20257 -0.198317
7.30391 -0.158122
7.40525 -0.129233
7.50659 -0.10778
7.60792 -0.09141
7.70926 -0.0786284
7.8106 -0.0684533
7.91194 -0.0602163
8.01328 -0.0534502
8.11461 -0.0478213
8.21595 -0.0430843
8.31729 -0.0390579
8.41863 -0.0356046
8.51996 -0.0326189
8.6213 -0.030018
8.72264 -0.0277374
8.82398 -0.0257254
8.92531 -0.0239406
9.02665 -0.0223489
9.12799 -0.0209229
9.22933 -0.0196397
9.33066 -0.0184804
9.432 -0.017429
9.53334 -0.0164721
9.63468 -0.0155983
9.73602 -0.0147981
9.83735 -0.0140631
9.93869 -0.0133861
10.04 -0.0127612
10.1414 -0.0121823
10.2427 -0.0116459
10.344 -0.0111471
10.4454 -0.0106821
10.5467 -0.0102485
10.6481 -0.00984277
10.7494 -0.00946309
10.8507 -0.00910688
10.9521 -0.00877186
11.0534 -0.00845691
11.1547 -0.00816011
11.2561 -0.00787975
11.3574 -0.00761512
11.4588 -0.00736451
11.5601 -0.00712738
11.6614 -0.00690251
11.7628 -0.00668883
11.8641 -0.00648598
11.9654 -0.006293
12.0668 -0.00610907
12.1681 -0.00593394
12.2695 -0.00576671
12.3708 -0.0056072
12.4721 -0.00545478
12.5735 -0.00530886
12.6748 -0.00516935
12.7761 -0.00503572
