-13.065 -0.00307533
-12.9636 -0.00313232
-12.8623 -0.00319095
-12.7609 -0.00325142
-12.6596 -0.00331367
-12.5583 -0.00337786
-12.4569 -0.00344413
-12.3556 -0.00351243
-12.2543 -0.00358294
-12.1529 -0.00365581
-12.0516 -0.00373102
-11.9502 -0.00380883
-11.8489 -0.0038892
-11.7476 -0.00397233
-11.6462 -0.00405845
-11.5449 -0.00414754
-11.4436 -0.00423982
-11.3422 -0.00433556
-11.2409 -0.00443475
-11.1395 -0.00453776
-11.0382 -0.0046446
-10.9369 -0.00475557
-10.8355 -0.00487103
-10.7342 -0.004991
-10.6328 -0.00511596
-10.5315 -0.00524597
-10.4302 -0.00538145
-10.3288 -0.00552286
-10.2275 -0.0056703
-10.1262 -0.00582427
-10.0248 -0.00598536
-9.92349 -0.00615373
-9.82215 -0.00633004
-9.72082 -0.00651478
-9.61948 -0.00670856
-9.51814 -0.006912
-9.4168 -0.00712578
-9.31546 -0.00735067
-9.21413 -0.00758748
-9.11279 -0.00783717
-9.01145 -0.00810073
-8.91011 -0.00837926
-8.80878 -0.00867398
-8.70744 -0.0089863
-8.6061 -0.00931771
-8.50476 -0.0096699
-8.40343 -0.0100447
-8.30209 -0.0104444
-8.20075 -0.0108712
-8.09941 -0.0113278
-7.99808 -0.0118172
-7.89674 -0.012343
-7.7954 -0.012909
-7.69406 -0.0135197
-7.59272 -0.0141802
-7.49139 -0.0148963
-7.39005 -0.015675
-7.28871 -0.0165241
-7.18737 -0.017453
-7.08604 -0.0184725
-6.9847 -0.0195955
-6.88336 -0.0208374
-6.78202 -0.0222165
-6.68069 -0.0237546
-6.57935 -0.0254788
-6.47801 -0.0274218
-6.37667 -0.0296241
-6.27533 -0.0321362
-6.174 -0.0350213
-6.07266 -0.0383613
-5.97132 -0.0422605
-5.86998 -0.0468561
-5.76865 -0.0523298
-5.66731 -0.0589295
-5.56597 -0.0669952
-5.46463 -0.0770076
-5.3633 -0.0896609
-5.26196 -0.105994
-5.16062 -0.127605
-5.05928 -0.157059
-4.95794 -0.198674
-4.85661 -0.260137
-4.75527 -0.356156
-4.65393 -0.517253
-4.55259 -0.813293
-4.45126 -1.41841
-4.34992 -2.7258
-4.24858 -4.53117
-4.14724 -3.71737
-4.04591 -1.96372
-3.94457 -1.07683
-3.84323 -0.671141
-3.74189 -0.462182
-3.64056 -0.332685
-3.53922 -0.253479
-3.43788 -0.204325
-3.33654 -0.172764
-3.23521 -0.15248
-3.13387 -0.140095
-3.03253 -0.133847
-2.93119 -0.132995
-2.82985 -0.137597
-2.72852 -0.148565
-2.62718 -0.168015
-2.52584 -0.200143
-2.4245 -0.253278
-2.32317 -0.344931
-2.22183 -0.51534
-2.12049 -0.864791
-2.01915 -1.62093
-1.91782 -2.68382
-1.81648 -2.24481
-1.71514 -1.23108
-1.6138 -0.719877
-1.51246 -0.502192
-1.41113 -0.437997
-1.30979 -0.503856
-1.20845 -0.708675
-1.10711 -0.712207
-1.00578 -0.444351
-0.904439 -0.280577
-0.803101 -0.203651
-0.701763 -0.165631
-0.600426 -0.146349
-0.499088 -0.137699
-0.39775 -0.136334
-0.296413 -0.141085
-0.195075 -0.152092
-0.093737 -0.170675
0.0076 -0.199732
0.108938 -0.244883
0.210276 -0.317251
0.311613 -0.440449
0.412951 -0.669547
0.514289 -1.14158
0.615626 -2.10795
0.716964 -2.94485
0.818302 -2.18639
0.919639 -1.61094
1.02098 -1.7818
1.12232 -2.62452
1.22365 -2.66846
1.32499 -1.54612
1.42633 -0.857115
1.52767 -0.532322
1.629 -0.366417
1.73034 -0.272584
1.83168 -0.215203
1.93302 -0.178209
2.03435 -0.15367
2.13569 -0.137387
2.23703 -0.127072
2.33837 -0.12152
2.4397 -0.12026
2.54104 -0.123457
2.64238 -0.132044
2.74372 -0.148207
2.84505 -0.176668
2.94639 -0.228145
3.04773 -0.328617
3.14907 -0.530996
3.25041 -0.769772
3.35174 -0.712286
3.45308 -0.689573
3.55442 -0.938827
3.65576 -1.62189
3.75709 -2.59875
3.85843 -2.12952
3.95977 -1.14105
4.06111 -0.637703
4.16244 -0.402185
4.26378 -0.280928
4.36512 -0.212442
4.46646 -0.171103
4.5678 -0.14517
4.66913 -0.128801
4.77047 -0.118916
4.87181 -0.113868
4.97315 -0.112838
5.07448 -0.115566
5.17582 -0.122258
5.27716 -0.133628
5.3785 -0.151073
5.47983 -0.177091
5.58117 -0.216124
5.68251 -0.276556
5.78385 -0.37419
5.88518 -0.528638
5.98652 -0.790603
6.08786 -1.33141
6.1892 -2.51987
6.29054 -4.43483
6.39187 -4.09965
6.49321 -2.2098
6.59455 -1.17901
6.69589 -0.701519
6.79722 -0.459215
6.89856 -0.322873
6.9999 -0.239457
7.10124 -0.184967
7.20257 -0.147496
7.30391 -0.120639
7.40525 -0.100735
7.50659 -0.0855691
7.60792 -0.0737411
7.70926 -0.0643295
7.8106 -0.0567123
7.91194 -0.0504551
8.01328 -0.0452477
8.11461 -0.0408641
8.21595 -0.0371352
8.31729 -0.0339345
8.41863 -0.0311643
8.51996 -0.028749
8.6213 -0.0266285
8.72264 -0.0247554
8.82398 -0.0230915
8.92531 -0.0216059
9.02665 -0.0202728
9.12799 -0.0190714
9.22933 -0.0179843
9.33066 -0.016997
9.432 -0.0160969
9.53334 -0.0152737
9.63468 -0.0145185
9.73602 -0.0138238
9.83735 -0.0131829
9.93869 -0.0125901
10.04 -0.0120406
10.1414 -0.0115297
10.2427 -0.0110543
10.344 -0.0106108
10.4454 -0.0101958
10.5467 -0.00980752
10.6481 -0.00944289
10.7494 -0.00910059
10.8507 -0.00877844
10.9521 -0.00847451
11.0534 -0.00818793
11.1547 -0.00791707
11.2561 -0.00766049
11.3574 -0.00741763
11.4588 -0.00718701
11.5601 -0.00696822
11.6614 -0.00676021
11.7628 -0.00656206
11.8641 -0.00637348
11.9654 -0.00619365
12.0668 -0.00602186
12.1681 -0.00585791
12.2695 -0.00570102
12.3708 -0.00555104
12.4721 -0.00540742
12.5735 -0.00526965
12.6748 -0.00513765
12.7761 -0.00501097
