-13.065 -0.00342814
-12.9636 -0.00349981
-12.8623 -0.00357391
-12.7609 -0.00365072
-12.6596 -0.00373023
-12.5583 -0.00381267
-12.4569 -0.00389827
-12.3556 -0.00398703
-12.2543 -0.00407921
-12.1529 -0.00417512
-12.0516 -0.00427476
-11.9502 -0.00437855
-11.8489 -0.00448654
-11.7476 -0.00459909
-11.6462 -0.0047166
-11.5449 -0.00483914
-11.4436 -0.00496716
-11.3422 -0.00510115
-11.2409 -0.00524126
-11.1395 -0.00538818
-11.0382 -0.00554209
-10.9369 -0.00570365
-10.8355 -0.0058736
-10.7342 -0.00605221
-10.6328 -0.00624054
-10.5315 -0.00643895
-10.4302 -0.00664848
-10.3288 -0.00687026
-10.2275 -0.00710489
-10.1262 -0.00735373
-10.0248 -0.00761834
-9.92349 -0.00789968
-9.82215 -0.00819967
-9.72082 -0.00852005
-9.61948 -0.00886297
-9.51814 -0.00923076
-9.4168 -0.00962613
-9.31546 -0.0100522
-9.21413 -0.0105124
-9.11279 -0.0110112
-9.01145 -0.0115531
-8.91011 -0.0121439
-8.80878 -0.0127902
-8.70744 -0.0134998
-8.6061 -0.0142823
-8.50476 -0.0151487
-8.40343 -0.0161126
-8.30209 -0.0171909
-8.20075 -0.0184039
-8.09941 -0.0197771
-7.99808 -0.0213424
-7.89674 -0.023141
-7.7954 -0.0252256
-7.69406 -0.0276652
-7.59272 -0.0305522
-7.49139 -0.0340116
-7.39005 -0.0382184
-7.28871 -0.0434205
-7.18737 -0.0499822
-7.08604 -0.0584552
-6.9847 -0.0697147
-6.88336 -0.0852085
-6.78202 -0.107486
-6.68069 -0.141361
-6.57935 -0.196793
-6.47801 -0.296471
-6.37667 -0.495756
-6.27533 -0.895304
-6.174 -1.32439
-6.07266 -1.30509
-5.97132 -1.11229
-5.86998 -0.944401
-5.76865 -0.817995
-5.66731 -0.722563
-5.56597 -0.648701
-5.46463 -0.590054
-5.3633 -0.542452
-5.26196 -0.503098
-5.16062 -0.47008
-5.05928 -0.442048
-4.95794 -0.418026
-4.85661 -0.397296
-4.75527 -0.37932
-4.65393 -0.363696
-4.55259 -0.350124
-4.45126 -0.338384
-4.34992 -0.328322
-4.24858 -0.319848
-4.14724 -0.312939
-4.04591 -0.307644
-3.94457 -0.304105
-3.84323 -0.302602
-3.74189 -0.303624
-3.64056 -0.308014
-3.53922 -0.317255
-3.43788 -0.33408
-3.33654 -0.363887
-3.23521 -0.418327
-3.13387 -0.525085
-3.03253 -0.749925
-2.93119 -1.14967
-2.82985 -1.36517
-2.72852 -1.23608
-2.62718 -1.06568
-2.52584 -0.93385
-2.4245 -0.837013
-2.32317 -0.765064
-2.22183 -0.710795
-2.12049 -0.669754
-2.01915 -0.639441
-1.91782 -0.618967
-1.81648 -0.609397
-1.71514 -0.615465
-1.6138 -0.650066
-1.51246 -0.729466
-1.41113 -0.791966
-1.30979 -0.788604
-1.20845 -0.78318
-1.10711 -0.79063
-1.00578 -0.759101
-0.904439 -0.598326
-0.803101 -0.448705
-0.701763 -0.377946
-0.600426 -0.351674
-0.499088 -0.35029
-0.39775 -0.3699
-0.296413 -0.417997
-0.195075 -0.520017
-0.093737 -0.738332
0.0076 -1.09985
0.108938 -1.23425
0.210276 -1.09374
0.311613 -0.944619
0.412951 -0.837781
0.514289 -0.765096
0.615626 -0.71637
0.716964 -0.684966
0.818302 -0.667003
0.919639 -0.660447
1.02098 -0.664612
1.12232 -0.679994
1.22365 -0.708391
1.32499 -0.753359
1.42633 -0.821047
1.52767 -0.921162
1.629 -1.06368
1.73034 -1.21753
1.83168 -1.14879
1.93302 -0.786931
2.03435 -0.538733
2.13569 -0.419947
2.23703 -0.36093
2.33837 -0.33046
2.4397 -0.31648
2.54104 -0.315103
2.64238 -0.327575
2.74372 -0.36176
2.84505 -0.43954
2.94639 -0.592731
3.04773 -0.730237
3.14907 -0.745567
3.25041 -0.732277
3.35174 -0.73217
3.45308 -0.749201
3.55442 -0.765264
3.65576 -0.725841
3.75709 -0.672083
3.85843 -0.657882
3.95977 -0.670925
4.06111 -0.701789
4.16244 -0.748581
4.26378 -0.813669
4.36512 -0.902907
4.46646 -1.02561
4.5678 -1.18827
4.66913 -1.33771
4.77047 -1.19617
4.87181 -0.790957
4.97315 -0.539448
5.07448 -0.419801
5.17582 -0.359182
5.27716 -0.325854
5.3785 -0.306598
5.47983 -0.295387
5.58117 -0.289196
5.68251 -0.286397
5.78385 -0.286057
5.88518 -0.287622
5.98652 -0.290761
6.08786 -0.295277
6.1892 -0.301067
6.29054 -0.308088
6.39187 -0.316352
6.49321 -0.325914
6.59455 -0.336869
6.69589 -0.349356
6.79722 -0.363562
6.89856 -0.379738
6.9999 -0.398204
7.10124 -0.419379
7.20257 -0.44381
7.30391 -0.472231
7.40525 -0.505626
7.50659 -0.545356
7.60792 -0.593341
7.70926 -0.65239
7.8106 -0.726683
7.91194 -0.822593
8.01328 -0.949559
8.11461 -1.11811
8.21595 -1.31207
8.31729 -1.33389
8.41863 -0.903915
8.51996 -0.50026
8.6213 -0.298674
8.72264 -0.197923
8.82398 -0.141949
8.92531 -0.107772
9.02665 -0.0853161
9.12799 -0.0697106
9.22933 -0.0583791
9.33066 -0.0498588
9.432 -0.0432658
9.53334 -0.0380431
9.63468 -0.0338232
9.73602 -0.0303555
9.83735 -0.0274645
9.93869 -0.0250232
10.04 -0.0229394
10.1414 -0.0211414
10.2427 -0.0195792
10.344 -0.0182098
10.4454 -0.0169999
10.5467 -0.0159263
10.6481 -0.0149661
10.7494 -0.0141046
10.8507 -0.0133271
10.9521 -0.0126217
11.0534 -0.0119802
11.1547 -0.0113942
11.2561 -0.0108564
11.3574 -0.0103623
11.4588 -0.00990603
11.5601 -0.00948435
11.6614 -0.00909322
11.7628 -0.00872918
11.8641 -0.00839024
11.9654 -0.00807367
12.0668 -0.00777711
12.1681 -0.00749929
12.2695 -0.00723806
12.3708 -0.00699248
12.4721 -0.006761
12.5735 -0.00654227
12.6748 -0.00633569
12.7761 -0.00614012
