-13.065 -0.00405044
-12.9636 -0.00414425
-12.8623 -0.00424153
-12.7609 -0.00434264
-12.6596 -0.00444761
-12.5583 -0.00455674
-12.4569 -0.00467038
-12.3556 -0.00478856
-12.2543 -0.00491166
-12.1529 -0.00504009
-12.0516 -0.00517393
-11.9502 -0.00531376
-11.8489 -0.00545968
-11.7476 -0.00561222
-11.6462 -0.00577195
-11.5449 -0.00593904
-11.4436 -0.00611412
-11.3422 -0.00629794
-11.2409 -0.00649072
-11.1395 -0.00669349
-11.0382 -0.00690656
-10.9369 -0.00713089
-10.8355 -0.00736757
-10.7342 -0.00761706
-10.6328 -0.00788088
-10.5315 -0.00815964
-10.4302 -0.00845484
-10.3288 -0.00876818
-10.2275 -0.00910056
-10.1262 -0.009454
-10.0248 -0.00983077
-9.92349 -0.0102323
-9.82215 -0.0106614
-9.72082 -0.0111206
-9.61948 -0.0116131
-9.51814 -0.0121421
-9.4168 -0.0127117
-9.31546 -0.0133261
-9.21413 -0.0139903
-9.11279 -0.0147104
-9.01145 -0.0154928
-8.91011 -0.0163453
-8.80878 -0.0172768
-8.70744 -0.0182978
-8.6061 -0.0194207
-8.50476 -0.0206598
-8.40343 -0.0220321
-8.30209 -0.0235585
-8.20075 -0.0252635
-8.09941 -0.0271769
-7.99808 -0.0293346
-7.89674 -0.0317819
-7.7954 -0.0345738
-7.69406 -0.0377794
-7.59272 -0.0414862
-7.49139 -0.0458054
-7.39005 -0.0508821
-7.28871 -0.0569047
-7.18737 -0.0641239
-7.08604 -0.0728764
-6.9847 -0.0836264
-6.88336 -0.0970175
-6.78202 -0.113965
-6.68069 -0.13579
-6.57935 -0.164453
-6.47801 -0.202886
-6.37667 -0.255548
-6.27533 -0.329169
-6.174 -0.433455
-6.07266 -0.580323
-5.97132 -0.776372
-5.86998 -0.998563
-5.76865 -1.16178
-5.66731 -1.16253
-5.56597 -1.00997
-5.46463 -0.808864
-5.3633 -0.633223
-5.26196 -0.501486
-5.16062 -0.408034
-5.05928 -0.343041
-4.95794 -0.298462
-4.85661 -0.268757
-4.75527 -0.250393
-4.65393 -0.241311
-4.55259 -0.240553
-4.45126 -0.248097
-4.34992 -0.264856
-4.24858 -0.292856
-4.14724 -0.335593
-4.04591 -0.398534
-3.94457 -0.489437
-3.84323 -0.61701
-3.74189 -0.784892
-3.64056 -0.981083
-3.53922 -1.1789
-3.43788 -1.3439
-3.33654 -1.40796
-3.23521 -1.31193
-3.13387 -1.10695
-3.03253 -0.892059
-2.93119 -0.717866
-2.82985 -0.590613
-2.72852 -0.501548
-2.62718 -0.440882
-2.52584 -0.401339
-2.4245 -0.378244
-2.32317 -0.369031
-2.22183 -0.372857
-2.12049 -0.39049
-2.01915 -0.424504
-1.91782 -0.479771
-1.81648 -0.564199
-1.71514 -0.688836
-1.6138 -0.864467
-1.51246 -1.088
-1.41113 -1.31995
-1.30979 -1.49222
-1.20845 -1.55644
-1.10711 -1.49647
-1.00578 -1.3346
-0.904439 -1.14021
-0.803101 -0.989832
-0.701763 -0.919486
-0.600426 -0.924294
-0.499088 -0.966733
-0.39775 -0.976768
-0.296413 -0.900876
-0.195075 -0.765065
-0.093737 -0.628971
0.0076 -0.522653
0.108938 -0.448983
0.210276 -0.402294
0.311613 -0.37709
0.412951 -0.370211
0.514289 -0.38105
0.615626 -0.411446
0.716964 -0.465196
0.818302 -0.545725
0.919639 -0.650521
1.02098 -0.769332
1.12232 -0.89543
1.22365 -1.01617
1.32499 -1.07135
1.42633 -0.990975
1.52767 -0.811183
1.629 -0.626934
1.73034 -0.484405
1.83168 -0.385367
1.93302 -0.319146
2.03435 -0.275882
2.13569 -0.248882
2.23703 -0.234182
2.33837 -0.229816
2.4397 -0.235348
2.54104 -0.251526
2.64238 -0.27951
2.74372 -0.318315
2.84505 -0.359389
2.94639 -0.385694
3.04773 -0.389508
3.14907 -0.385846
3.25041 -0.394712
3.35174 -0.427376
3.45308 -0.487867
3.55442 -0.571722
3.65576 -0.658655
3.75709 -0.722236
3.85843 -0.767933
3.95977 -0.830791
4.06111 -0.930085
4.16244 -1.05517
4.26378 -1.15839
4.36512 -1.16131
4.46646 -1.04276
4.5678 -0.876792
4.66913 -0.73723
4.77047 -0.64995
4.87181 -0.615227
4.97315 -0.627431
5.07448 -0.676105
5.17582 -0.732889
5.27716 -0.744055
5.3785 -0.673502
5.47983 -0.552069
5.58117 -0.432617
5.68251 -0.338924
5.78385 -0.271405
5.88518 -0.223765
5.98652 -0.190003
6.08786 -0.165805
6.1892 -0.148291
6.29054 -0.13558
6.39187 -0.126439
6.49321 -0.120057
6.59455 -0.115905
6.69589 -0.113646
6.79722 -0.113082
6.89856 -0.114124
6.9999 -0.116775
7.10124 -0.12113
7.20257 -0.127378
7.30391 -0.135826
7.40525 -0.146927
7.50659 -0.161335
7.60792 -0.179985
7.70926 -0.204231
7.8106 -0.236039
7.91194 -0.278309
8.01328 -0.335361
8.11461 -0.413619
8.21595 -0.522404
8.31729 -0.673833
8.41863 -0.878459
8.51996 -1.1273
8.6213 -1.35363
8.72264 -1.42702
8.82398 -1.28332
8.92531 -1.02131
9.02665 -0.766598
9.12799 -0.568757
9.22933 -0.426889
9.33066 -0.326937
9.432 -0.255917
9.53334 -0.204538
9.63468 -0.166587
9.73602 -0.137967
9.83735 -0.115963
9.93869 -0.0987411
10.04 -0.0850489
10.1414 -0.0739929
10.2427 -0.0649661
10.344 -0.0575014
10.4454 -0.0512577
10.5467 -0.0459955
10.6481 -0.041513
10.7494 -0.037672
10.8507 -0.0343533
10.9521 -0.0314641
11.0534 -0.0289385
11.1547 -0.0267157
11.2561 -0.0247475
11.3574 -0.0229997
11.4588 -0.0214375
11.5601 -0.0200381
11.6614 -0.0187783
11.7628 -0.0176389
11.8641 -0.0166069
11.9654 -0.0156682
12.0668 -0.0148109
12.1681 -0.0140273
12.2695 -0.0133076
12.3708 -0.0126462
12.4721 -0.0120364
12.5735 -0.0114722
12.6748 -0.0109502
12.7761 -0.0104657
