-13.065 -0.00270464
-12.9636 -0.00274892
-12.8623 -0.0027943
-12.7609 -0.0028409
-12.6596 -0.00288867
-12.5583 -0.00293772
-12.4569 -0.00298812
-12.3556 -0.00303983
-12.2543 -0.00309296
-12.1529 -0.00314761
-12.0516 -0.00320373
-11.9502 -0.00326149
-11.8489 -0.00332083
-11.7476 -0.00338189
-11.6462 -0.00344479
-11.5449 -0.00350949
-11.4436 -0.00357611
-11.3422 -0.00364482
-11.2409 -0.00371555
-11.1395 -0.00378855
-11.0382 -0.00386376
-10.9369 -0.00394135
-10.8355 -0.00402152
-10.7342 -0.00410421
-10.6328 -0.00418972
-10.5315 -0.00427799
-10.4302 -0.00436926
-10.3288 -0.00446375
-10.2275 -0.00456143
-10.1262 -0.00466257
-10.0248 -0.00476743
-9.92349 -0.00487602
-9.82215 -0.00498864
-9.72082 -0.00510548
-9.61948 -0.00522679
-9.51814 -0.00535278
-9.4168 -0.00548374
-9.31546 -0.00561994
-9.21413 -0.00576167
-9.11279 -0.00590928
-9.01145 -0.00606312
-8.91011 -0.00622357
-8.80878 -0.00639102
-8.70744 -0.00656595
-8.6061 -0.00674885
-8.50476 -0.00694024
-8.40343 -0.00714068
-8.30209 -0.00735085
-8.20075 -0.00757143
-8.09941 -0.00780317
-7.99808 -0.00804691
-7.89674 -0.00830361
-7.7954 -0.0085743
-7.69406 -0.00886011
-7.59272 -0.00916233
-7.49139 -0.00948235
-7.39005 -0.00982185
-7.28871 -0.0101826
-7.18737 -0.0105667
-7.08604 -0.0109764
-6.9847 -0.0114144
-6.88336 -0.0118839
-6.78202 -0.0123883
-6.68069 -0.0129318
-6.57935 -0.0135193
-6.47801 -0.0141566
-6.37667 -0.0148506
-6.27533 -0.0156096
-6.174 -0.0164438
-6.07266 -0.0173661
-5.97132 -0.0183923
-5.86998 -0.019543
-5.76865 -0.020845
-5.66731 -0.022335
-5.56597 -0.0240633
-5.46463 -0.0261028
-5.3633 -0.0285634
-5.26196 -0.0316223
-5.16062 -0.0355835
-5.05928 -0.0410215
-4.95794 -0.0491458
-4.85661 -0.0627663
-4.75527 -0.0876896
-4.65393 -0.119599
-4.55259 -0.129347
-4.45126 -0.151909
-4.34992 -0.182842
-4.24858 -0.212417
-4.14724 -0.243394
-4.04591 -0.275293
-3.94457 -0.307349
-3.84323 -0.339052
-3.74189 -0.370142
-3.64056 -0.400693
-3.53922 -0.431462
-3.43788 -0.464641
-3.33654 -0.505804
-3.23521 -0.565438
-3.13387 -0.636649
-3.03253 -0.686075
-2.93119 -0.713889
-2.82985 -0.730678
-2.72852 -0.743075
-2.62718 -0.753967
-2.52584 -0.76448
-2.4245 -0.776518
-2.32317 -0.793489
-2.22183 -0.821748
-2.12049 -0.868897
-2.01915 -0.927151
-1.91782 -1.00107
-1.81648 -1.09087
-1.71514 -1.19504
-1.6138 -1.31799
-1.51246 -1.47312
-1.41113 -1.64734
-1.30979 -1.8087
-1.20845 -1.99051
-1.10711 -2.22035
-1.00578 -2.3068
-0.904439 -1.83397
-0.803101 -1.32232
-0.701763 -1.06406
-0.600426 -0.942906
-0.499088 -0.882199
-0.39775 -0.850702
-0.296413 -0.835433
-0.195075 -0.830249
-0.093737 -0.831848
0.0076 -0.83823
0.108938 -0.848137
0.210276 -0.860873
0.311613 -0.876632
0.412951 -0.89783
0.514289 -0.923624
0.615626 -0.929612
0.716964 -0.909838
0.818302 -0.896329
0.919639 -0.892808
1.02098 -0.886953
1.12232 -0.881133
1.22365 -0.889713
1.32499 -0.90128
1.42633 -0.887481
1.52767 -0.867014
1.629 -0.851881
1.73034 -0.839468
1.83168 -0.828634
1.93302 -0.819614
2.03435 -0.813039
2.13569 -0.809799
2.23703 -0.81118
2.33837 -0.819246
2.4397 -0.837663
2.54104 -0.873434
2.64238 -0.941182
2.74372 -1.07455
2.84505 -1.35617
2.94639 -1.89927
3.04773 -2.3295
3.14907 -2.21825
3.25041 -1.957
3.35174 -1.7074
3.45308 -1.47823
3.55442 -1.3
3.65576 -1.16405
3.75709 -1.05288
3.85843 -0.961776
3.95977 -0.891603
4.06111 -0.835158
4.16244 -0.798365
4.26378 -0.777894
4.36512 -0.765625
4.46646 -0.75729
4.5678 -0.750597
4.66913 -0.743967
4.77047 -0.736232
4.87181 -0.726892
4.97315 -0.714085
5.07448 -0.692945
5.17582 -0.654465
5.27716 -0.590222
5.3785 -0.523642
5.47983 -0.477622
5.58117 -0.44333
5.68251 -0.413085
5.78385 -0.383689
5.88518 -0.353934
5.98652 -0.323485
6.08786 -0.292455
6.1892 -0.261217
6.29054 -0.23023
6.39187 -0.199881
6.49321 -0.172874
6.59455 -0.140452
6.69589 -0.125883
6.79722 -0.111864
6.89856 -0.0788777
6.9999 -0.0574295
7.10124 -0.0456744
7.20257 -0.0384793
7.30391 -0.0335663
7.40525 -0.0299402
7.50659 -0.0271154
7.60792 -0.0248295
7.70926 -0.0229266
7.8106 -0.0213089
7.91194 -0.0199108
8.01328 -0.0186865
8.11461 -0.017603
8.21595 -0.0166352
8.31729 -0.0157645
8.41863 -0.0149759
8.51996 -0.0142579
8.6213 -0.0136007
8.72264 -0.0129968
8.82398 -0.0124396
8.92531 -0.0119238
9.02665 -0.0114447
9.12799 -0.0109986
9.22933 -0.0105821
9.33066 -0.0101923
9.432 -0.00982662
9.53334 -0.00948298
9.63468 -0.00915941
9.73602 -0.00885421
9.83735 -0.0085659
9.93869 -0.00829308
10.04 -0.00803465
10.1414 -0.00778923
10.2427 -0.00755631
10.344 -0.00733477
10.4454 -0.0071236
10.5467 -0.00692251
10.6481 -0.00673043
10.7494 -0.00654715
10.8507 -0.00637193
10.9521 -0.0062041
11.0534 -0.00604353
11.1547 -0.00588963
11.2561 -0.00574187
11.3574 -0.00560017
11.4588 -0.00546393
11.5601 -0.0053331
11.6614 -0.00520725
11.7628 -0.00508601
11.8641 -0.00496936
11.9654 -0.00485695
12.0668 -0.00474846
12.1681 -0.00464391
12.2695 -0.0045429
12.3708 -0.00444544
12.4721 -0.00435128
12.5735 -0.00426017
12.6748 -0.00417215
12.7761 -0.00408699
