-13.065 -0.0047346
-12.9636 -0.00485546
-12.8623 -0.00498132
-12.7609 -0.00511275
-12.6596 -0.00524982
-12.5583 -0.00539304
-12.4569 -0.00554294
-12.3556 -0.00569966
-12.2543 -0.0058638
-12.1529 -0.00603606
-12.0516 -0.00621663
-11.9502 -0.00640649
-11.8489 -0.00660591
-11.7476 -0.0068158
-11.6462 -0.00703719
-11.5449 -0.0072705
-11.4436 -0.00751691
-11.3422 -0.00777776
-11.2409 -0.00805369
-11.1395 -0.00834657
-11.0382 -0.00865728
-10.9369 -0.00898772
-10.8355 -0.00934006
-10.7342 -0.00971564
-10.6328 -0.0101175
-10.5315 -0.0105475
-10.4302 -0.0110088
-10.3288 -0.0115054
-10.2275 -0.01204
-10.1262 -0.0126175
-10.0248 -0.0132436
-9.92349 -0.0139227
-9.82215 -0.0146625
-9.72082 -0.0154705
-9.61948 -0.016356
-9.51814 -0.0173297
-9.4168 -0.0184046
-9.31546 -0.0195959
-9.21413 -0.0209219
-9.11279 -0.0224052
-9.01145 -0.0240729
-8.91011 -0.0259586
-8.80878 -0.0281037
-8.70744 -0.0305612
-8.6061 -0.0333973
-8.50476 -0.0366979
-8.40343 -0.0405742
-8.30209 -0.045175
-8.20075 -0.0506994
-8.09941 -0.0574212
-7.99808 -0.065724
-7.89674 -0.0761622
-7.7954 -0.0895532
-7.69406 -0.107148
-7.59272 -0.130936
-7.49139 -0.164221
-7.39005 -0.212827
-7.28871 -0.287676
-7.18737 -0.411012
-7.08604 -0.632598
-6.9847 -1.07486
-6.88336 -2.03305
-6.78202 -3.65934
-6.68069 -3.58467
-6.57935 -1.96839
-6.47801 -1.05037
-6.37667 -0.627861
-6.27533 -0.416742
-6.174 -0.300446
-6.07266 -0.231412
-5.97132 -0.188385
-5.86998 -0.160973
-5.76865 -0.143756
-5.66731 -0.13381
-5.56597 -0.129618
-5.46463 -0.130566
-5.3633 -0.136755
-5.26196 -0.149045
-5.16062 -0.169309
-5.05928 -0.201088
-4.95794 -0.251013
-4.85661 -0.332071
-4.75527 -0.471703
-4.65393 -0.733467
-4.55259 -1.27672
-4.45126 -2.44481
-4.34992 -3.86952
-4.24858 -2.95487
-4.14724 -1.54864
-4.04591 -0.856727
-3.94457 -0.531783
-3.84323 -0.363191
-3.74189 -0.267045
-3.64056 -0.208149
-3.53922 -0.170225
-3.43788 -0.145091
-3.33654 -0.128349
-3.23521 -0.117545
-3.13387 -0.111318
-3.03253 -0.109006
-2.93119 -0.110476
-2.82985 -0.116124
-2.72852 -0.127038
-2.62718 -0.145455
-2.52584 -0.175825
-2.4245 -0.227477
-2.32317 -0.321685
-2.22183 -0.51116
-2.12049 -0.910847
-2.01915 -1.42547
-1.91782 -1.19308
-1.81648 -0.797175
-1.71514 -0.708054
-1.6138 -0.898892
-1.51246 -1.49492
-1.41113 -2.38596
-1.30979 -1.98337
-1.20845 -1.07084
-1.10711 -0.601649
-1.00578 -0.381673
-0.904439 -0.268416
-0.803101 -0.204763
-0.701763 -0.167022
-0.600426 -0.144534
-0.499088 -0.132305
-0.39775 -0.128242
-0.296413 -0.132211
-0.195075 -0.146127
-0.093737 -0.175202
0.0076 -0.231705
0.108938 -0.345581
0.210276 -0.59262
0.311613 -1.10119
0.412951 -1.45109
0.514289 -0.934247
0.615626 -0.498011
0.716964 -0.294181
0.818302 -0.195685
0.919639 -0.14289
1.02098 -0.112006
1.12232 -0.0927723
1.22365 -0.0803174
1.32499 -0.072132
1.42633 -0.0668497
1.52767 -0.0636997
1.629 -0.0622533
1.73034 -0.0622984
1.83168 -0.0637823
1.93302 -0.0667922
2.03435 -0.0715672
2.13569 -0.078548
2.23703 -0.0884743
2.33837 -0.102588
2.4397 -0.123044
2.54104 -0.15383
2.64238 -0.202965
2.74372 -0.288238
2.84505 -0.449225
2.94639 -0.712604
3.04773 -0.904248
3.14907 -1.23369
3.25041 -2.14766
3.35174 -3.0153
3.45308 -2.053
3.55442 -1.07117
3.65576 -0.604465
3.75709 -0.380725
3.85843 -0.261539
3.95977 -0.19177
4.06111 -0.147803
4.16244 -0.118485
4.26378 -0.0980601
4.36512 -0.0833474
4.46646 -0.072475
4.5678 -0.0642887
4.66913 -0.058049
4.77047 -0.0532649
4.87181 -0.0496047
4.97315 -0.0468396
5.07448 -0.0448104
5.17582 -0.0434072
5.27716 -0.0425569
5.3785 -0.0422141
5.47983 -0.0423572
5.58117 -0.042985
5.68251 -0.0441168
5.78385 -0.0457934
5.88518 -0.0480802
5.98652 -0.0510738
6.08786 -0.0549094
6.1892 -0.059776
6.29054 -0.0659371
6.39187 -0.0737633
6.49321 -0.0837881
6.59455 -0.0967897
6.69589 -0.11394
6.79722 -0.137062
6.89856 -0.169113
6.9999 -0.215115
7.10124 -0.284117
7.20257 -0.393626
7.30391 -0.580613
7.40525 -0.931043
7.50659 -1.66075
7.60792 -3.21677
7.70926 -4.93385
7.8106 -3.59064
7.91194 -1.85911
8.01328 -1.02114
8.11461 -0.624927
8.21595 -0.4171
8.31729 -0.29696
8.41863 -0.221934
8.51996 -0.172173
8.6213 -0.137556
8.72264 -0.112538
8.82398 -0.0938815
8.92531 -0.0796042
9.02665 -0.0684333
9.12799 -0.0595285
9.22933 -0.052314
9.33066 -0.0463864
9.432 -0.0414543
9.53334 -0.0373054
9.63468 -0.033781
9.73602 -0.0307604
9.83735 -0.0281513
9.93869 -0.0258807
10.04 -0.0238925
10.1414 -0.022139
10.2427 -0.0205869
10.344 -0.0192045
10.4454 -0.0179664
10.5467 -0.0168548
10.6481 -0.0158508
10.7494 -0.0149423
10.8507 -0.0141165
10.9521 -0.0133627
11.0534 -0.0126738
11.1547 -0.0120417
11.2561 -0.0114597
11.3574 -0.0109234
11.4588 -0.0104271
11.5601 -0.00996767
11.6614 -0.00954093
11.7628 -0.00914341
11.8641 -0.00877311
11.9654 -0.00842716
12.0668 -0.00810309
12.1681 -0.0077996
12.2695 -0.00751436
12.3708 -0.00724639
12.4721 -0.00699403
12.5735 -0.00675579
12.6748 -0.00653104
12.7761 -0.00631852
