-13.065 -0.00632451
-12.9636 -0.00651529
-12.8623 -0.00671493
-12.7609 -0.00692442
-12.6596 -0.00714397
-12.5583 -0.00737445
-12.4569 -0.00761685
-12.3556 -0.00787149
-12.2543 -0.00813946
-12.1529 -0.00842199
-12.0516 -0.00871953
-11.9502 -0.0090338
-11.8489 -0.00936539
-11.7476 -0.00971591
-11.6462 -0.0100872
-11.5449 -0.0104801
-11.4436 -0.0108967
-11.3422 -0.0113394
-11.2409 -0.0118093
-11.1395 -0.0123098
-11.0382 -0.0128424
-10.9369 -0.0134104
-10.8355 -0.0140175
-10.7342 -0.0146659
-10.6328 -0.0153609
-10.5315 -0.0161053
-10.4302 -0.0169045
-10.3288 -0.0177647
-10.2275 -0.0186902
-10.1262 -0.0196884
-10.0248 -0.0207679
-9.92349 -0.0219351
-9.82215 -0.0232009
-9.72082 -0.0245755
-9.61948 -0.0260714
-9.51814 -0.0277021
-9.4168 -0.0294835
-9.31546 -0.0314333
-9.21413 -0.0335718
-9.11279 -0.0359228
-9.01145 -0.0385128
-8.91011 -0.0413726
-8.80878 -0.0445371
-8.70744 -0.0480478
-8.6061 -0.0519511
-8.50476 -0.0563011
-8.40343 -0.0611596
-8.30209 -0.0665992
-8.20075 -0.0727019
-8.09941 -0.0795619
-7.99808 -0.0872857
-7.89674 -0.0959958
-7.7954 -0.105827
-7.69406 -0.116926
-7.59272 -0.12945
-7.49139 -0.14356
-7.39005 -0.159411
-7.28871 -0.177133
-7.18737 -0.196804
-7.08604 -0.218421
-6.9847 -0.241854
-6.88336 -0.266791
-6.78202 -0.292698
-6.68069 -0.318782
-6.57935 -0.34402
-6.47801 -0.367209
-6.37667 -0.387121
-6.27533 -0.402685
-6.174 -0.413174
-6.07266 -0.418341
-5.97132 -0.418436
-5.86998 -0.414138
-5.76865 -0.406399
-5.66731 -0.396281
-5.56597 -0.384812
-5.46463 -0.372902
-5.3633 -0.361295
-5.26196 -0.350569
-5.16062 -0.341161
-5.05928 -0.333392
-4.95794 -0.3275
-4.85661 -0.323672
-4.75527 -0.322057
-4.65393 -0.32279
-4.55259 -0.325993
-4.45126 -0.331775
-4.34992 -0.340222
-4.24858 -0.351376
-4.14724 -0.365203
-4.04591 -0.381552
-3.94457 -0.400114
-3.84323 -0.420383
-3.74189 -0.441641
-3.64056 -0.462994
-3.53922 -0.48346
-3.43788 -0.502092
-3.33654 -0.518141
-3.23521 -0.531175
-3.13387 -0.541149
-3.03253 -0.54837
-2.93119 -0.553423
-2.82985 -0.557049
-2.72852 -0.56004
-2.62718 -0.56316
-2.52584 -0.567098
-2.4245 -0.572457
-2.32317 -0.579762
-2.22183 -0.589477
-2.12049 -0.602033
-2.01915 -0.617853
-1.91782 -0.63738
-1.81648 -0.661118
-1.71514 -0.689654
-1.6138 -0.723718
-1.51246 -0.764255
-1.41113 -0.812539
-1.30979 -0.870401
-1.20845 -0.94056
-1.10711 -1.02729
-1.00578 -1.13748
-0.904439 -1.28222
-0.803101 -1.47689
-0.701763 -1.73092
-0.600426 -2.00228
-0.499088 -2.14617
-0.39775 -2.07011
-0.296413 -1.89883
-0.195075 -1.7605
-0.093737 -1.68404
0.0076 -1.66256
0.108938 -1.69178
0.210276 -1.77729
0.311613 -1.92422
0.412951 -2.09205
0.514289 -2.13903
0.615626 -1.96524
0.716964 -1.6896
0.818302 -1.44389
0.919639 -1.25773
1.02098 -1.11908
1.12232 -1.01298
1.22365 -0.929108
1.32499 -0.861018
1.42633 -0.804738
1.52767 -0.757712
1.629 -0.718222
1.73034 -0.685041
1.83168 -0.657268
1.93302 -0.634196
2.03435 -0.615255
2.13569 -0.599952
2.23703 -0.587849
2.33837 -0.578523
2.4397 -0.571541
2.54104 -0.56643
2.64238 -0.562656
2.74372 -0.559601
2.84505 -0.556565
2.94639 -0.552775
3.04773 -0.547442
3.14907 -0.539839
3.25041 -0.529418
3.35174 -0.51592
3.45308 -0.499447
3.55442 -0.480486
3.65576 -0.459824
3.75709 -0.438423
3.85843 -0.41726
3.95977 -0.397207
4.06111 -0.378949
4.16244 -0.362963
4.26378 -0.349531
4.36512 -0.338783
4.46646 -0.330739
4.5678 -0.32535
4.66913 -0.322525
4.77047 -0.322153
4.87181 -0.324108
4.97315 -0.328257
5.07448 -0.334442
5.17582 -0.342474
5.27716 -0.352103
5.3785 -0.362992
5.47983 -0.374685
5.58117 -0.386581
5.68251 -0.397908
5.78385 -0.407738
5.88518 -0.415027
5.98652 -0.418723
6.08786 -0.417901
6.1892 -0.41194
6.29054 -0.400659
6.39187 -0.384388
6.49321 -0.36391
6.59455 -0.340334
6.69589 -0.314896
6.79722 -0.288779
6.89856 -0.262973
6.9999 -0.238233
7.10124 -0.215057
7.20257 -0.193728
7.30391 -0.174352
7.40525 -0.156917
7.50659 -0.141336
7.60792 -0.127474
7.70926 -0.115174
7.8106 -0.104275
7.91194 -0.0946214
8.01328 -0.0860674
8.11461 -0.0784806
8.21595 -0.0717407
8.31729 -0.0657432
8.41863 -0.0603957
8.51996 -0.0556178
8.6213 -0.0513386
8.72264 -0.0474974
8.82398 -0.0440415
8.92531 -0.0409251
9.02665 -0.0381079
9.12799 -0.0355556
9.22933 -0.0332381
9.33066 -0.0311293
9.432 -0.029206
9.53334 -0.0274483
9.63468 -0.0258388
9.73602 -0.0243619
9.83735 -0.0230044
9.93869 -0.021754
10.04 -0.0206006
10.1414 -0.0195337
10.2427 -0.0185468
10.344 -0.0176317
10.4454 -0.0167809
10.5467 -0.0159902
10.6481 -0.0152529
10.7494 -0.0145658
10.8507 -0.0139239
10.9521 -0.0133228
11.0534 -0.0127603
11.1547 -0.0122328
11.2561 -0.011737
11.3574 -0.0112713
11.4588 -0.0108326
11.5601 -0.0104197
11.6614 -0.0100302
11.7628 -0.00966205
11.8641 -0.00931446
11.9654 -0.0089856
12.0668 -0.00867387
12.1681 -0.00837869
12.2695 -0.00809837
12.3708 -0.00783245
12.4721 -0.00757974
12.5735 -0.00733914
12.6748 -0.00711034
12.7761 -0.00689238
