         0.11       1.210787       0.000468       0.513508  
         0.12       1.449281       0.000482       0.475578  
         0.13       1.724642       0.000495       0.440873  
         0.14       2.013871       0.000508       0.409218  
         0.15       2.296401       0.000519       0.379906  
         0.16        2.57199       0.000531       0.352767  
         0.17       2.842404       0.000542        0.32771  
         0.18       3.108257       0.000552       0.304591  
         0.19       3.370116       0.000562       0.283272  
          0.2       3.628381       0.000572       0.263615  
         0.21       3.883352       0.000581       0.245497  
         0.22       4.135296       0.262575       0.228788  
         0.23       4.384434       1.542095       0.213355  
         0.24       4.630942        2.19106       0.199101  
         0.25       4.874993       2.708034       0.185923  
         0.26       5.116717       3.157965       0.173721  
         0.27       5.356252       3.566127       0.162415  
         0.28       5.593708        3.94496       0.151927  
         0.29       5.829187        4.30203       0.142186  
          0.3       6.062753       4.642154       0.133125  
         0.31       6.294566       4.968508       0.124695  
         0.32       6.524643       5.283518       0.116838  
         0.33       6.753044       5.588882       0.109504  
         0.34       6.979851       5.885975       0.102653  
         0.35       7.205173       6.175844       0.096252  
         0.36       7.429007       6.459309       0.090259  
         0.37       7.651383       6.737094       0.084637  
         0.38       7.872454       7.009753       0.079375  
         0.39       8.092183       7.277725        0.07443  
          0.4       8.310614       7.541487       0.069782  
         0.41       8.527811       7.801323       0.065411  
         0.42       8.743828       8.057547       0.061298  
         0.43         8.9587        8.31044       0.057429  
         0.44       9.172415       8.560232       0.053772  
         0.45       9.385038       8.807075       0.050331  
         0.46       9.596634       9.051203       0.047079  
         0.47       9.807161       9.292749       0.044009  
         0.48      10.016702       9.531834       0.041108  
         0.49      10.225294       9.768629       0.038365  
          0.5       10.43292      10.003206        0.03577  
         0.51      10.639626      10.235738       0.033313  
         0.52      10.845427      10.466266       0.030987  
         0.53      11.050379      10.694891       0.028785  
         0.54      11.254482      10.921699       0.026699  
         0.55      11.457726      11.146761        0.02472  
         0.56      11.660186       11.37015       0.022844  
         0.57      11.861863      11.591928       0.021067  
         0.58      12.062776      11.812154       0.019381  
         0.59       12.26294      12.030891       0.017784  
          0.6      12.462362      12.248158       0.016267  
         0.61      12.661071      12.464055       0.014825  
         0.62      12.859097      12.678626        0.01346  
         0.63      13.056438      12.891869       0.012166  
         0.64      13.253121      13.103818        0.01094  
         0.65      13.449171      13.314565       0.009775  
         0.66      13.644589      13.524111       0.008675  
         0.67      13.839376      13.732501       0.007626  
         0.68      14.033555      13.939772       0.006637  
         0.69      14.227147      14.145927       0.005697  
          0.7      14.420148      14.351023       0.004809  
         0.71      14.612566      14.555088       0.003963  
         0.72      14.804555       14.75812       0.003177  
         0.73      14.996143       14.96018       0.002438  
         0.74      15.186815      15.161256        0.00172  
         0.75      15.377074      15.361397       0.001045  
         0.76      15.567131      15.560632        0.00043  
         0.77      15.756504      15.758921      -0.000159  
         0.78      15.945371      15.956371      -0.000716  
         0.79      16.133582      16.152932       -0.00125  
          0.8      16.321631      16.348658      -0.001732  
         0.81      16.509348      16.543565      -0.002176  
         0.82      16.696171      16.737636      -0.002617  
         0.83      16.883002      16.930945      -0.003001  
         0.84      17.069223      17.123451       -0.00337  
         0.85      17.254876      17.315182      -0.003719  
         0.86      17.440479      17.506229      -0.004023  
         0.87      17.625522      17.696428      -0.004311  
         0.88      17.810014      17.885902      -0.004576  
         0.89      17.994479       18.07477      -0.004805  
          0.9      18.178408      18.263018      -0.005023  
         0.91      18.361805      18.450425      -0.005232  
         0.92      18.545217      18.637221      -0.005383  
         0.93      18.728022      18.823503      -0.005549  
         0.94      18.910663      19.008711      -0.005672  
         0.95      19.092797      19.193602      -0.005769  
         0.96      19.274625      19.377938      -0.005884  
         0.97      19.456487      19.561239       -0.00593  
         0.98      19.637605      19.744278      -0.005983  
         0.99      19.818515      19.926653      -0.006034  
            1      19.999407      20.108521      -0.006034  
         1.01      20.179756      20.289707      -0.006055  
         1.02      20.359995      20.470082       -0.00602  
         1.03      20.539703      20.650389      -0.005996  
         1.04      20.719409      20.829955      -0.005964  
         1.05      20.898941      21.008636      -0.005884  
         1.06      21.077726      21.187022      -0.005815  
         1.07      21.256783      21.365055      -0.005719  
         1.08      21.435593      21.542409      -0.005613  
         1.09      21.613744      21.719071      -0.005503  
          1.1      21.791967       21.89546      -0.005363  
         1.11      21.969978      22.071346      -0.005226  
         1.12      22.147464      22.246562      -0.005078  
         1.13      22.325252      22.421345      -0.004892  
         1.14      22.502561      22.595638      -0.004709  
         1.15       22.67951      22.769463      -0.004523  
         1.16      22.856435       22.94282      -0.004317  
         1.17       23.03334      23.115714      -0.004092  
         1.18      23.209886       23.28815      -0.003864  
         1.19      23.385993      23.460131      -0.003638  
          1.2       23.56235      23.631663      -0.003381  
         1.21      23.738451      23.802748      -0.003118  
         1.22      23.914203      23.973391      -0.002854  
         1.23      24.089784        24.1436      -0.002579  
         1.24      24.265312      24.313358       -0.00229  
         1.25      24.440868      24.482748      -0.001983  
         1.26      24.616016      24.651479      -0.001675  
         1.27      24.791005      24.819972      -0.001354  
         1.28      24.966007      24.988221      -0.001035  
         1.29      25.140805      25.155837      -0.000696  
          1.3      25.315397      25.323052      -0.000353  
         1.31      25.490022      25.490022    6.65983e-11  
         1.32      25.664444      25.656586       0.000358  
         1.33      25.838668      25.822573       0.000729  
         1.34       26.01293      25.988175       0.001116  
         1.35       26.18699      26.153493       0.001499  
         1.36      26.360876      26.318612       0.001882  
         1.37      26.534734      26.483104       0.002291  
         1.38      26.708657      26.647278       0.002703  
         1.39      26.882133      26.811013       0.003123  
          1.4      27.055732      26.974496       0.003535  
         1.41      27.229097      27.137786       0.003964  
         1.42      27.402395      27.300465       0.004399  
         1.43      27.576017      27.462838       0.004861  
         1.44      27.748924      27.624785       0.005303  
         1.45      27.922129       27.78649       0.005757  
         1.46      28.095392      27.948012       0.006232  
         1.47      28.267966      28.108947       0.006691  
         1.48      28.441038      28.269543       0.007176  
         1.49      28.614045      28.429885       0.007657  
          1.5      28.786675      28.590054       0.008152  
         1.51      28.959383      28.749658       0.008645  
         1.52      29.132039      28.908876       0.009144  
         1.53      29.304709      29.068059       0.009649  
         1.54      29.477265       29.22694       0.010178  
         1.55      29.649481       29.38494       0.010685  
         1.56      29.823075         29.544       0.011128  
         1.57      29.991406      29.698256       0.012578  
         1.58      30.178621      29.869208       0.013553  
         1.59      30.389646      30.062024       0.012701  
          1.6      30.486263      30.149755        0.00834  
