1.000000e+03    8.655452e+00   3.166600e-02   
1.100000e+03    8.655452e+00   3.008270e-02   
1.200000e+03    8.655452e+00   2.849940e-02   
1.300000e+03    8.655452e+00   2.691610e-02   
1.400000e+03    8.655452e+00   2.533280e-02   
1.500000e+03    8.655452e+00   2.374950e-02   
1.600000e+03    8.655452e+00   2.216620e-02   
1.700000e+03    8.655452e+00   2.058290e-02   
1.800000e+03    8.655452e+00   1.899960e-02   
1.900000e+03    8.655452e+00   1.741630e-02   
2.000000e+03    8.655452e+00   1.583300e-02   
2.100000e+03    8.655452e+00   1.530523e-02   
2.200000e+03    8.655452e+00   1.477746e-02   
2.300000e+03    8.655452e+00   1.424969e-02   
2.400000e+03    8.655452e+00   1.372192e-02   
2.500000e+03    8.655452e+00   1.319415e-02   
2.600000e+03    8.655452e+00   1.266638e-02   
2.700000e+03    8.655452e+00   1.213861e-02   
2.800000e+03    8.655452e+00   1.161084e-02   
2.900000e+03    8.655452e+00   1.108307e-02   
3.000000e+03    8.655452e+00   1.055530e-02   
3.100000e+03    8.655452e+00   1.029142e-02   
3.200000e+03    8.655452e+00   1.002754e-02   
3.300000e+03    8.655452e+00   9.763660e-03   
3.400000e+03    8.655452e+00   9.499780e-03   
3.500000e+03    8.655452e+00   9.235900e-03   
3.600000e+03    8.655452e+00   8.972020e-03   
3.700000e+03    8.655452e+00   8.708140e-03   
3.800000e+03    8.655452e+00   8.444260e-03   
3.900000e+03    8.655452e+00   8.180380e-03   
4.000000e+03    8.655452e+00   7.916500e-03   
4.100000e+03    8.655452e+00   7.758170e-03   
4.200000e+03    8.655452e+00   7.599840e-03   
4.300000e+03    8.655452e+00   7.441510e-03   
4.400000e+03    8.655452e+00   7.283180e-03   
4.500000e+03    8.655452e+00   7.124850e-03   
4.600000e+03    8.655452e+00   6.966520e-03   
4.700000e+03    8.655452e+00   6.808190e-03   
4.800000e+03    8.655452e+00   6.649860e-03   
4.900000e+03    8.655452e+00   6.491530e-03   
5.000000e+03    8.655452e+00   6.333200e-03   
5.100000e+03    8.655452e+00   6.227646e-03   
5.200000e+03    8.655452e+00   6.122092e-03   
5.300000e+03    8.655452e+00   6.016538e-03   
5.400000e+03    8.655452e+00   5.910984e-03   
5.500000e+03    8.655452e+00   5.805430e-03   
5.600000e+03    8.655452e+00   5.699876e-03   
5.700000e+03    8.655452e+00   5.594322e-03   
5.800000e+03    8.655452e+00   5.488768e-03   
5.900000e+03    8.655452e+00   5.383214e-03   
6.000000e+03    8.655452e+00   5.277660e-03   
6.100000e+03    8.655453e+00   5.202265e-03   
6.200000e+03    8.655453e+00   5.126870e-03   
6.300000e+03    8.655454e+00   5.051475e-03   
6.400000e+03    8.655454e+00   4.976080e-03   
6.500000e+03    8.655455e+00   4.900685e-03   
6.600000e+03    8.655456e+00   4.825290e-03   
6.700000e+03    8.655456e+00   4.749895e-03   
6.800000e+03    8.655457e+00   4.674500e-03   
6.900000e+03    8.655457e+00   4.599105e-03   
7.000000e+03    8.655458e+00   4.523710e-03   
7.100000e+03    8.655463e+00   4.467164e-03   
7.200000e+03    8.655468e+00   4.410618e-03   
7.300000e+03    8.655473e+00   4.354072e-03   
7.400000e+03    8.655478e+00   4.297526e-03   
7.500000e+03    8.655483e+00   4.240980e-03   
7.600000e+03    8.655488e+00   4.184434e-03   
7.700000e+03    8.655493e+00   4.127888e-03   
7.800000e+03    8.655498e+00   4.071342e-03   
7.900000e+03    8.655503e+00   4.014796e-03   
8.000000e+03    8.655508e+00   3.958250e-03   
8.100000e+03    8.655544e+00   3.914269e-03   
8.200000e+03    8.655581e+00   3.870288e-03   
8.300000e+03    8.655617e+00   3.826307e-03   
8.400000e+03    8.655654e+00   3.782326e-03   
8.500000e+03    8.655690e+00   3.738345e-03   
8.600000e+03    8.655727e+00   3.694364e-03   
8.700000e+03    8.655763e+00   3.650383e-03   
8.800000e+03    8.655800e+00   3.606402e-03   
8.900000e+03    8.655836e+00   3.562421e-03   
9.000000e+03    8.655873e+00   3.518440e-03   
9.100000e+03    8.656028e+00   3.483255e-03   
9.200000e+03    8.656184e+00   3.448070e-03   
9.300000e+03    8.656339e+00   3.412885e-03   
9.400000e+03    8.656494e+00   3.377700e-03   
9.500000e+03    8.656650e+00   3.342515e-03   
9.600000e+03    8.656805e+00   3.307330e-03   
9.700000e+03    8.656960e+00   3.272145e-03   
9.800000e+03    8.657115e+00   3.236960e-03   
9.900000e+03    8.657271e+00   3.201775e-03   
1.000000e+04    8.657426e+00   3.166590e-03   
1.010000e+04    8.657925e+00   3.137800e-03   
1.020000e+04    8.658424e+00   3.109010e-03   
1.030000e+04    8.658923e+00   3.080220e-03   
1.040000e+04    8.659422e+00   3.051430e-03   
1.050000e+04    8.659920e+00   3.022640e-03   
1.060000e+04    8.660419e+00   2.993850e-03   
1.070000e+04    8.660918e+00   2.965060e-03   
1.080000e+04    8.661417e+00   2.936270e-03   
1.090000e+04    8.661916e+00   2.907480e-03   
1.100000e+04    8.662415e+00   2.878690e-03   
1.110000e+04    8.663713e+00   2.854694e-03   
1.120000e+04    8.665012e+00   2.830698e-03   
1.130000e+04    8.666310e+00   2.806702e-03   
1.140000e+04    8.667609e+00   2.782706e-03   
1.150000e+04    8.668907e+00   2.758710e-03   
1.160000e+04    8.670205e+00   2.734714e-03   
1.170000e+04    8.671504e+00   2.710718e-03   
1.180000e+04    8.672802e+00   2.686722e-03   
1.190000e+04    8.674101e+00   2.662726e-03   
1.200000e+04    8.675399e+00   2.638730e-03   
1.210000e+04    8.678396e+00   2.618415e-03   
1.220000e+04    8.681393e+00   2.598100e-03   
1.230000e+04    8.684390e+00   2.577785e-03   
1.240000e+04    8.687387e+00   2.557470e-03   
1.250000e+04    8.690383e+00   2.537155e-03   
1.260000e+04    8.693380e+00   2.516840e-03   
1.270000e+04    8.696377e+00   2.496525e-03   
1.280000e+04    8.699374e+00   2.476210e-03   
1.290000e+04    8.702371e+00   2.455895e-03   
1.300000e+04    8.705368e+00   2.435580e-03   
1.310000e+04    8.711254e+00   2.418149e-03   
1.320000e+04    8.717140e+00   2.400718e-03   
1.330000e+04    8.723026e+00   2.383287e-03   
1.340000e+04    8.728912e+00   2.365856e-03   
1.350000e+04    8.734798e+00   2.348425e-03   
1.360000e+04    8.740684e+00   2.330994e-03   
1.370000e+04    8.746570e+00   2.313563e-03   
1.380000e+04    8.752456e+00   2.296132e-03   
1.390000e+04    8.758342e+00   2.278701e-03   
1.400000e+04    8.764228e+00   2.261270e-03   
