

    0.00E+00    0.18E+04    0.00E+00


    0.85E-06    0.18E+04    0.00E+00


    0.17E-05    0.18E+04    0.00E+00


    0.25E-05    0.18E+04    0.00E+00


    0.34E-05    0.18E+04    0.00E+00


    0.42E-05    0.18E+04    0.00E+00


    0.51E-05    0.18E+04    0.00E+00


    0.59E-05    0.18E+04    0.00E+00


    0.68E-05    0.18E+04    0.00E+00


    0.76E-05    0.18E+04    0.00E+00


    0.85E-05    0.18E+04    0.00E+00


    0.93E-05    0.18E+04    0.00E+00


    0.10E-04    0.18E+04    0.00E+00


    0.11E-04    0.18E+04    0.00E+00


    0.12E-04    0.18E+04    0.00E+00


    0.13E-04    0.18E+04    0.00E+00


    0.14E-04    0.18E+04    0.00E+00


    0.14E-04    0.18E+04    0.00E+00


    0.15E-04    0.18E+04    0.00E+00


    0.16E-04    0.18E+04    0.00E+00


    0.17E-04    0.18E+04    0.00E+00


    0.18E-04    0.18E+04    0.00E+00


    0.19E-04    0.18E+04    0.00E+00


    0.19E-04    0.18E+04    0.00E+00


    0.20E-04    0.18E+04    0.00E+00


    0.21E-04    0.18E+04    0.00E+00


    0.22E-04    0.18E+04    0.00E+00


    0.23E-04    0.18E+04    0.00E+00


    0.24E-04    0.18E+04    0.00E+00


    0.25E-04    0.18E+04    0.00E+00


    0.25E-04    0.18E+04    0.00E+00


    0.26E-04    0.18E+04    0.00E+00


    0.27E-04    0.18E+04    0.00E+00


    0.28E-04    0.18E+04    0.00E+00


    0.29E-04    0.18E+04    0.00E+00


    0.30E-04    0.18E+04    0.00E+00


    0.31E-04    0.18E+04    0.00E+00


    0.31E-04    0.18E+04    0.00E+00


    0.32E-04    0.18E+04    0.00E+00


    0.33E-04    0.18E+04    0.00E+00


    0.34E-04    0.18E+04    0.00E+00


    0.35E-04    0.18E+04    0.00E+00


    0.36E-04    0.18E+04    0.00E+00


    0.36E-04    0.18E+04    0.00E+00


    0.37E-04    0.18E+04    0.00E+00


    0.38E-04    0.18E+04    0.00E+00


    0.39E-04    0.18E+04    0.00E+00


    0.40E-04    0.18E+04    0.00E+00


    0.41E-04    0.18E+04    0.00E+00


    0.42E-04    0.18E+04    0.00E+00


    0.42E-04    0.18E+04    0.00E+00


    0.43E-04    0.18E+04    0.00E+00


    0.44E-04    0.18E+04    0.00E+00


    0.45E-04    0.18E+04    0.00E+00


    0.46E-04    0.18E+04    0.00E+00


    0.47E-04    0.18E+04    0.00E+00


    0.47E-04    0.18E+04    0.00E+00


    0.48E-04    0.17E+10    0.79E+04


    0.49E-04    0.17E+10    0.79E+04


    0.50E-04    0.20E+10    0.92E+04


    0.51E-04    0.20E+10    0.92E+04


    0.52E-04    0.15E+03    0.00E+00


    0.52E-04    0.15E+03    0.00E+00


    0.53E-04    0.15E+03    0.00E+00


    0.54E-04    0.15E+03    0.00E+00


    0.55E-04    0.15E+03    0.00E+00


    0.55E-04    0.15E+03    0.00E+00


    0.56E-04    0.15E+03    0.00E+00


    0.57E-04    0.15E+03    0.00E+00


    0.58E-04    0.15E+03    0.00E+00


    0.59E-04    0.15E+03    0.00E+00


    0.59E-04    0.15E+03    0.00E+00


    0.60E-04    0.15E+03    0.00E+00


    0.61E-04    0.15E+03    0.00E+00


    0.62E-04    0.15E+03    0.00E+00


    0.63E-04    0.15E+03    0.00E+00


    0.63E-04    0.15E+03    0.00E+00


    0.64E-04    0.15E+03    0.00E+00


    0.65E-04    0.15E+03    0.00E+00


    0.66E-04    0.15E+03    0.00E+00


    0.66E-04    0.15E+03    0.00E+00


    0.67E-04    0.15E+03    0.00E+00


    0.68E-04    0.15E+03    0.00E+00


    0.69E-04    0.15E+03    0.00E+00


    0.70E-04    0.15E+03    0.00E+00


    0.70E-04    0.15E+03    0.00E+00


    0.71E-04    0.15E+03    0.00E+00


    0.72E-04    0.15E+03    0.00E+00


    0.73E-04    0.15E+03    0.00E+00


    0.74E-04    0.15E+03    0.00E+00


    0.74E-04    0.15E+03    0.00E+00


    0.75E-04    0.15E+03    0.00E+00


    0.76E-04    0.15E+03    0.00E+00


    0.77E-04    0.15E+03    0.00E+00


    0.77E-04    0.15E+03    0.00E+00


    0.78E-04    0.15E+03    0.00E+00


    0.79E-04    0.15E+03    0.00E+00


    0.80E-04    0.15E+03    0.00E+00


    0.81E-04    0.15E+03    0.00E+00


    0.81E-04    0.15E+03    0.00E+00


    0.00E+00    0.18E+04    0.00E+00


    0.85E-06    0.18E+04    0.00E+00


    0.17E-05    0.18E+04    0.00E+00


    0.25E-05    0.18E+04    0.00E+00


    0.34E-05    0.18E+04    0.00E+00


    0.42E-05    0.18E+04    0.00E+00


    0.51E-05    0.18E+04    0.00E+00


    0.59E-05    0.18E+04    0.00E+00


    0.68E-05    0.18E+04    0.00E+00


    0.76E-05    0.18E+04    0.00E+00


    0.85E-05    0.18E+04    0.00E+00


    0.93E-05    0.18E+04    0.00E+00


    0.10E-04    0.18E+04    0.00E+00


    0.11E-04    0.18E+04    0.00E+00


    0.12E-04    0.18E+04    0.00E+00


    0.13E-04    0.18E+04    0.00E+00


    0.14E-04    0.18E+04    0.00E+00


    0.14E-04    0.18E+04    0.00E+00


    0.15E-04    0.18E+04    0.00E+00


    0.16E-04    0.18E+04    0.00E+00


    0.17E-04    0.18E+04    0.00E+00


    0.18E-04    0.18E+04    0.00E+00


    0.19E-04    0.18E+04    0.00E+00


    0.19E-04    0.18E+04    0.00E+00


    0.20E-04    0.18E+04    0.00E+00


    0.21E-04    0.18E+04    0.00E+00


    0.22E-04    0.18E+04    0.00E+00


    0.23E-04    0.18E+04    0.00E+00


    0.24E-04    0.18E+04    0.00E+00


    0.25E-04    0.18E+04    0.00E+00


    0.25E-04    0.18E+04    0.00E+00


    0.26E-04    0.18E+04    0.00E+00


    0.27E-04    0.18E+04    0.00E+00


    0.28E-04    0.18E+04    0.00E+00


    0.29E-04    0.18E+04    0.00E+00


    0.30E-04    0.18E+04    0.00E+00


    0.31E-04    0.18E+04    0.00E+00


    0.31E-04    0.18E+04    0.00E+00


    0.32E-04    0.18E+04    0.00E+00


    0.33E-04    0.18E+04    0.00E+00


    0.34E-04    0.18E+04    0.00E+00


    0.35E-04    0.18E+04    0.00E+00


    0.36E-04    0.18E+04    0.00E+00


    0.36E-04    0.18E+04    0.00E+00


    0.37E-04    0.18E+04    0.00E+00


    0.38E-04    0.18E+04    0.00E+00


    0.39E-04    0.18E+04    0.00E+00


    0.40E-04    0.18E+04    0.00E+00


    0.41E-04    0.18E+04    0.00E+00


    0.42E-04    0.18E+04    0.00E+00


    0.42E-04    0.18E+04    0.00E+00


    0.43E-04    0.18E+04    0.00E+00


    0.44E-04    0.18E+04    0.00E+00


    0.45E-04    0.18E+04    0.00E+00


    0.46E-04    0.18E+04    0.00E+00


    0.47E-04    0.18E+04    0.00E+00


    0.47E-04    0.42E+09    0.49E+03


    0.48E-04    0.32E+10    0.25E+05


    0.49E-04    0.38E+10    0.34E+05


    0.50E-04    0.43E+10    0.38E+05


    0.51E-04    0.37E+10    0.28E+05


    0.52E-04    0.54E+09    0.67E+03


    0.52E-04    0.15E+03    0.00E+00


    0.53E-04    0.15E+03    0.00E+00


    0.54E-04    0.15E+03    0.00E+00


    0.55E-04    0.15E+03    0.00E+00


    0.55E-04    0.15E+03    0.00E+00


    0.56E-04    0.15E+03    0.00E+00


    0.57E-04    0.15E+03    0.00E+00


    0.58E-04    0.15E+03    0.00E+00


    0.59E-04    0.15E+03    0.00E+00


    0.59E-04    0.15E+03    0.00E+00


    0.60E-04    0.15E+03    0.00E+00


    0.61E-04    0.15E+03    0.00E+00


    0.62E-04    0.15E+03    0.00E+00


    0.63E-04    0.15E+03    0.00E+00


    0.63E-04    0.15E+03    0.00E+00


    0.64E-04    0.15E+03    0.00E+00


    0.65E-04    0.15E+03    0.00E+00


    0.66E-04    0.15E+03    0.00E+00


    0.66E-04    0.15E+03    0.00E+00


    0.67E-04    0.15E+03    0.00E+00


    0.68E-04    0.15E+03    0.00E+00


    0.69E-04    0.15E+03    0.00E+00


    0.70E-04    0.15E+03    0.00E+00


    0.70E-04    0.15E+03    0.00E+00


    0.71E-04    0.15E+03    0.00E+00


    0.72E-04    0.15E+03    0.00E+00


    0.73E-04    0.15E+03    0.00E+00


    0.74E-04    0.15E+03    0.00E+00


    0.74E-04    0.15E+03    0.00E+00


    0.75E-04    0.15E+03    0.00E+00


    0.76E-04    0.15E+03    0.00E+00


    0.77E-04    0.15E+03    0.00E+00


    0.77E-04    0.15E+03    0.00E+00


    0.78E-04    0.15E+03    0.00E+00


    0.79E-04    0.15E+03    0.00E+00


    0.80E-04    0.15E+03    0.00E+00


    0.81E-04    0.15E+03    0.00E+00


    0.81E-04    0.15E+03   -0.42E-11


    0.00E+00    0.18E+04    0.00E+00


    0.85E-06    0.18E+04    0.00E+00


    0.17E-05    0.18E+04    0.00E+00


    0.25E-05    0.18E+04    0.00E+00


    0.34E-05    0.18E+04    0.00E+00


    0.42E-05    0.18E+04    0.00E+00


    0.51E-05    0.18E+04    0.00E+00


    0.59E-05    0.18E+04    0.00E+00


    0.68E-05    0.18E+04    0.00E+00


    0.76E-05    0.18E+04    0.00E+00


    0.85E-05    0.18E+04    0.00E+00


    0.93E-05    0.18E+04    0.00E+00


    0.10E-04    0.18E+04    0.00E+00


    0.11E-04    0.18E+04    0.00E+00


    0.12E-04    0.18E+04    0.00E+00


    0.13E-04    0.18E+04    0.00E+00


    0.14E-04    0.18E+04    0.00E+00


    0.14E-04    0.18E+04    0.00E+00


    0.15E-04    0.18E+04    0.00E+00


    0.16E-04    0.18E+04    0.00E+00


    0.17E-04    0.18E+04    0.00E+00


    0.18E-04    0.18E+04    0.00E+00


    0.19E-04    0.18E+04    0.00E+00


    0.19E-04    0.18E+04    0.00E+00


    0.20E-04    0.18E+04    0.00E+00


    0.21E-04    0.18E+04    0.00E+00


    0.22E-04    0.18E+04    0.00E+00


    0.23E-04    0.18E+04    0.00E+00


    0.24E-04    0.18E+04    0.00E+00


    0.25E-04    0.18E+04    0.00E+00


    0.25E-04    0.18E+04    0.00E+00


    0.26E-04    0.18E+04    0.00E+00


    0.27E-04    0.18E+04    0.00E+00


    0.28E-04    0.18E+04    0.00E+00


    0.29E-04    0.18E+04    0.00E+00


    0.30E-04    0.18E+04    0.00E+00


    0.31E-04    0.18E+04    0.00E+00


    0.31E-04    0.18E+04    0.00E+00


    0.32E-04    0.18E+04    0.00E+00


    0.33E-04    0.18E+04    0.00E+00


    0.34E-04    0.18E+04    0.00E+00


    0.35E-04    0.18E+04    0.00E+00


    0.36E-04    0.18E+04    0.00E+00


    0.36E-04    0.18E+04    0.00E+00


    0.37E-04    0.18E+04    0.00E+00


    0.38E-04    0.18E+04    0.00E+00


    0.39E-04    0.18E+04    0.00E+00


    0.40E-04    0.18E+04    0.00E+00


    0.41E-04    0.18E+04    0.00E+00


    0.42E-04    0.18E+04    0.00E+00


    0.42E-04    0.18E+04    0.00E+00


    0.43E-04    0.18E+04    0.00E+00


    0.44E-04    0.18E+04    0.00E+00


    0.45E-04    0.18E+04    0.00E+00


    0.46E-04    0.18E+04    0.00E+00


    0.47E-04    0.31E+08    0.27E+01


    0.47E-04    0.11E+10    0.31E+04


    0.48E-04    0.47E+10    0.51E+05


    0.49E-04    0.58E+10    0.73E+05


    0.50E-04    0.66E+10    0.80E+05


    0.51E-04    0.55E+10    0.58E+05


    0.52E-04    0.14E+10    0.41E+04


    0.52E-04    0.46E+08    0.51E+01


    0.53E-04    0.15E+03    0.00E+00


    0.54E-04    0.15E+03    0.00E+00


    0.55E-04    0.15E+03    0.00E+00


    0.55E-04    0.15E+03    0.00E+00


    0.56E-04    0.15E+03    0.00E+00


    0.57E-04    0.15E+03    0.00E+00


    0.58E-04    0.15E+03    0.00E+00


    0.59E-04    0.15E+03    0.00E+00


    0.59E-04    0.15E+03    0.00E+00


    0.60E-04    0.15E+03    0.00E+00


    0.61E-04    0.15E+03    0.00E+00


    0.62E-04    0.15E+03    0.00E+00


    0.63E-04    0.15E+03    0.00E+00


    0.63E-04    0.15E+03    0.00E+00


    0.64E-04    0.15E+03    0.00E+00


    0.65E-04    0.15E+03    0.00E+00


    0.66E-04    0.15E+03    0.00E+00


    0.66E-04    0.15E+03    0.00E+00


    0.67E-04    0.15E+03    0.00E+00


    0.68E-04    0.15E+03    0.00E+00


    0.69E-04    0.15E+03    0.00E+00


    0.70E-04    0.15E+03    0.00E+00


    0.70E-04    0.15E+03    0.00E+00


    0.71E-04    0.15E+03    0.00E+00


    0.72E-04    0.15E+03    0.00E+00


    0.73E-04    0.15E+03    0.00E+00


    0.74E-04    0.15E+03    0.00E+00


    0.74E-04    0.15E+03    0.00E+00


    0.75E-04    0.15E+03    0.00E+00


    0.76E-04    0.15E+03    0.00E+00


    0.77E-04    0.15E+03    0.00E+00


    0.77E-04    0.15E+03    0.00E+00


    0.78E-04    0.15E+03    0.00E+00


    0.79E-04    0.15E+03    0.00E+00


    0.80E-04    0.15E+03    0.00E+00


    0.81E-04    0.15E+03    0.00E+00


    0.81E-04    0.15E+03   -0.12E-10


    0.00E+00    0.18E+04    0.00E+00


    0.85E-06    0.18E+04    0.00E+00


    0.17E-05    0.18E+04    0.00E+00


    0.25E-05    0.18E+04    0.00E+00


    0.34E-05    0.18E+04    0.00E+00


    0.42E-05    0.18E+04    0.00E+00


    0.51E-05    0.18E+04    0.00E+00


    0.59E-05    0.18E+04    0.00E+00


    0.68E-05    0.18E+04    0.00E+00


    0.76E-05    0.18E+04    0.00E+00


    0.85E-05    0.18E+04    0.00E+00


    0.93E-05    0.18E+04    0.00E+00


    0.10E-04    0.18E+04    0.00E+00


    0.11E-04    0.18E+04    0.00E+00


    0.12E-04    0.18E+04    0.00E+00


    0.13E-04    0.18E+04    0.00E+00


    0.14E-04    0.18E+04    0.00E+00


    0.14E-04    0.18E+04    0.00E+00


    0.15E-04    0.18E+04    0.00E+00


    0.16E-04    0.18E+04    0.00E+00


    0.17E-04    0.18E+04    0.00E+00


    0.18E-04    0.18E+04    0.00E+00


    0.19E-04    0.18E+04    0.00E+00


    0.19E-04    0.18E+04    0.00E+00


    0.20E-04    0.18E+04    0.00E+00


    0.21E-04    0.18E+04    0.00E+00


    0.22E-04    0.18E+04    0.00E+00


    0.23E-04    0.18E+04    0.00E+00


    0.24E-04    0.18E+04    0.00E+00


    0.25E-04    0.18E+04    0.00E+00


    0.25E-04    0.18E+04    0.00E+00


    0.26E-04    0.18E+04    0.00E+00


    0.27E-04    0.18E+04    0.00E+00


    0.28E-04    0.18E+04    0.00E+00


    0.29E-04    0.18E+04    0.00E+00


    0.30E-04    0.18E+04    0.00E+00


    0.31E-04    0.18E+04    0.00E+00


    0.31E-04    0.18E+04    0.00E+00


    0.32E-04    0.18E+04    0.00E+00


    0.33E-04    0.18E+04    0.00E+00


    0.34E-04    0.18E+04    0.00E+00


    0.35E-04    0.18E+04    0.00E+00


    0.36E-04    0.18E+04    0.00E+00


    0.36E-04    0.18E+04    0.00E+00


    0.37E-04    0.18E+04    0.00E+00


    0.38E-04    0.18E+04    0.00E+00


    0.39E-04    0.18E+04    0.00E+00


    0.40E-04    0.18E+04    0.00E+00


    0.41E-04    0.18E+04    0.00E+00


    0.42E-04    0.18E+04    0.00E+00


    0.42E-04    0.18E+04    0.00E+00


    0.43E-04    0.18E+04    0.00E+00


    0.44E-04    0.18E+04    0.00E+00


    0.45E-04    0.18E+04    0.00E+00


    0.46E-04    0.63E+06    0.11E-02


    0.47E-04    0.13E+09    0.50E+02


    0.47E-04    0.19E+10    0.95E+04


    0.48E-04    0.63E+10    0.86E+05


    0.49E-04    0.78E+10    0.12E+06


    0.50E-04    0.88E+10    0.14E+06


    0.51E-04    0.72E+10    0.95E+05


    0.52E-04    0.24E+10    0.12E+05


    0.52E-04    0.19E+09    0.89E+02


    0.53E-04    0.11E+07    0.31E-02


    0.54E-04    0.15E+03    0.00E+00


    0.55E-04    0.15E+03    0.00E+00


    0.55E-04    0.15E+03    0.00E+00


    0.56E-04    0.15E+03    0.00E+00


    0.57E-04    0.15E+03    0.00E+00


    0.58E-04    0.15E+03    0.00E+00


    0.59E-04    0.15E+03    0.00E+00


    0.59E-04    0.15E+03    0.00E+00


    0.60E-04    0.15E+03    0.00E+00


    0.61E-04    0.15E+03    0.00E+00


    0.62E-04    0.15E+03    0.00E+00


    0.63E-04    0.15E+03    0.00E+00


    0.63E-04    0.15E+03    0.00E+00


    0.64E-04    0.15E+03    0.00E+00


    0.65E-04    0.15E+03    0.00E+00


    0.66E-04    0.15E+03    0.00E+00


    0.66E-04    0.15E+03    0.00E+00


    0.67E-04    0.15E+03    0.00E+00


    0.68E-04    0.15E+03    0.00E+00


    0.69E-04    0.15E+03    0.00E+00


    0.70E-04    0.15E+03    0.00E+00


    0.70E-04    0.15E+03    0.00E+00


    0.71E-04    0.15E+03    0.00E+00


    0.72E-04    0.15E+03    0.00E+00


    0.73E-04    0.15E+03    0.00E+00


    0.74E-04    0.15E+03    0.00E+00


    0.74E-04    0.15E+03    0.00E+00


    0.75E-04    0.15E+03    0.00E+00


    0.76E-04    0.15E+03    0.00E+00


    0.77E-04    0.15E+03    0.00E+00


    0.77E-04    0.15E+03    0.00E+00


    0.78E-04    0.15E+03    0.00E+00


    0.79E-04    0.15E+03    0.00E+00


    0.80E-04    0.15E+03    0.00E+00


    0.81E-04    0.15E+03    0.00E+00


    0.81E-04    0.15E+03   -0.25E-10


    0.00E+00    0.18E+04    0.00E+00


    0.85E-06    0.18E+04    0.00E+00


    0.17E-05    0.18E+04    0.00E+00


    0.25E-05    0.18E+04    0.00E+00


    0.34E-05    0.18E+04    0.00E+00


    0.42E-05    0.18E+04    0.00E+00


    0.51E-05    0.18E+04    0.00E+00


    0.59E-05    0.18E+04    0.00E+00


    0.68E-05    0.18E+04    0.00E+00


    0.76E-05    0.18E+04    0.00E+00


    0.85E-05    0.18E+04    0.00E+00


    0.93E-05    0.18E+04    0.00E+00


    0.10E-04    0.18E+04    0.00E+00


    0.11E-04    0.18E+04    0.00E+00


    0.12E-04    0.18E+04    0.00E+00


    0.13E-04    0.18E+04    0.00E+00


    0.14E-04    0.18E+04    0.00E+00


    0.14E-04    0.18E+04    0.00E+00


    0.15E-04    0.18E+04    0.00E+00


    0.16E-04    0.18E+04    0.00E+00


    0.17E-04    0.18E+04    0.00E+00


    0.18E-04    0.18E+04    0.00E+00


    0.19E-04    0.18E+04    0.00E+00


    0.19E-04    0.18E+04    0.00E+00


    0.20E-04    0.18E+04    0.00E+00


    0.21E-04    0.18E+04    0.00E+00


    0.22E-04    0.18E+04    0.00E+00


    0.23E-04    0.18E+04    0.00E+00


    0.24E-04    0.18E+04    0.00E+00


    0.25E-04    0.18E+04    0.00E+00


    0.25E-04    0.18E+04    0.00E+00


    0.26E-04    0.18E+04    0.00E+00


    0.27E-04    0.18E+04    0.00E+00


    0.28E-04    0.18E+04    0.00E+00


    0.29E-04    0.18E+04    0.00E+00


    0.30E-04    0.18E+04    0.00E+00


    0.31E-04    0.18E+04    0.00E+00


    0.31E-04    0.18E+04    0.00E+00


    0.32E-04    0.18E+04    0.00E+00


    0.33E-04    0.18E+04    0.00E+00


    0.34E-04    0.18E+04    0.00E+00


    0.35E-04    0.18E+04    0.00E+00


    0.36E-04    0.18E+04    0.00E+00


    0.36E-04    0.18E+04    0.00E+00


    0.37E-04    0.18E+04    0.00E+00


    0.38E-04    0.18E+04    0.00E+00


    0.39E-04    0.18E+04    0.00E+00


    0.40E-04    0.18E+04    0.00E+00


    0.41E-04    0.18E+04    0.00E+00


    0.42E-04    0.18E+04    0.00E+00


    0.42E-04    0.18E+04    0.00E+00


    0.43E-04    0.18E+04    0.00E+00


    0.44E-04    0.18E+04    0.00E+00


    0.45E-04    0.12E+05    0.39E-06


    0.46E-04    0.48E+07    0.65E-01


    0.47E-04    0.35E+09    0.33E+03


    0.47E-04    0.29E+10    0.21E+05


    0.48E-04    0.79E+10    0.13E+06


    0.49E-04    0.99E+10    0.19E+06


    0.50E-04    0.11E+11    0.20E+06


    0.51E-04    0.91E+10    0.14E+06


    0.52E-04    0.35E+10    0.26E+05


    0.52E-04    0.49E+09    0.56E+03


    0.53E-04    0.86E+07    0.18E+00


    0.54E-04    0.18E+05    0.63E-06


    0.55E-04    0.15E+03    0.00E+00


    0.55E-04    0.15E+03    0.00E+00


    0.56E-04    0.15E+03    0.00E+00


    0.57E-04    0.15E+03    0.00E+00


    0.58E-04    0.15E+03    0.00E+00


    0.59E-04    0.15E+03    0.00E+00


    0.59E-04    0.15E+03    0.00E+00


    0.60E-04    0.15E+03    0.00E+00


    0.61E-04    0.15E+03    0.00E+00


    0.62E-04    0.15E+03    0.00E+00


    0.63E-04    0.15E+03    0.00E+00


    0.63E-04    0.15E+03    0.00E+00


    0.64E-04    0.15E+03    0.00E+00


    0.65E-04    0.15E+03    0.00E+00


    0.66E-04    0.15E+03    0.00E+00


    0.66E-04    0.15E+03    0.00E+00


    0.67E-04    0.15E+03    0.00E+00


    0.68E-04    0.15E+03    0.00E+00


    0.69E-04    0.15E+03    0.00E+00


    0.70E-04    0.15E+03    0.00E+00


    0.70E-04    0.15E+03    0.00E+00


    0.71E-04    0.15E+03    0.00E+00


    0.72E-04    0.15E+03    0.00E+00


    0.73E-04    0.15E+03    0.00E+00


    0.74E-04    0.15E+03    0.00E+00


    0.74E-04    0.15E+03    0.00E+00


    0.75E-04    0.15E+03    0.00E+00


    0.76E-04    0.15E+03    0.00E+00


    0.77E-04    0.15E+03    0.00E+00


    0.77E-04    0.15E+03    0.00E+00


    0.78E-04    0.15E+03    0.00E+00


    0.79E-04    0.15E+03    0.00E+00


    0.80E-04    0.15E+03    0.00E+00


    0.81E-04    0.15E+03    0.00E+00


    0.81E-04    0.15E+03   -0.42E-10


    0.00E+00    0.18E+04    0.00E+00


    0.85E-06    0.18E+04    0.00E+00


    0.17E-05    0.18E+04    0.00E+00


    0.25E-05    0.18E+04    0.00E+00


    0.34E-05    0.18E+04    0.00E+00


    0.42E-05    0.18E+04    0.00E+00


    0.51E-05    0.18E+04    0.00E+00


    0.59E-05    0.18E+04    0.00E+00


    0.68E-05    0.18E+04    0.00E+00


    0.76E-05    0.18E+04    0.00E+00


    0.85E-05    0.18E+04    0.00E+00


    0.93E-05    0.18E+04    0.00E+00


    0.10E-04    0.18E+04    0.00E+00


    0.11E-04    0.18E+04    0.00E+00


    0.12E-04    0.18E+04    0.00E+00


    0.13E-04    0.18E+04    0.00E+00


    0.14E-04    0.18E+04    0.00E+00


    0.14E-04    0.18E+04    0.00E+00


    0.15E-04    0.18E+04    0.00E+00


    0.16E-04    0.18E+04    0.00E+00


    0.17E-04    0.18E+04    0.00E+00


    0.18E-04    0.18E+04    0.00E+00


    0.19E-04    0.18E+04    0.00E+00


    0.19E-04    0.18E+04    0.00E+00


    0.20E-04    0.18E+04    0.00E+00


    0.21E-04    0.18E+04    0.00E+00


    0.22E-04    0.18E+04    0.00E+00


    0.23E-04    0.18E+04    0.00E+00


    0.24E-04    0.18E+04    0.00E+00


    0.25E-04    0.18E+04    0.00E+00


    0.25E-04    0.18E+04    0.00E+00


    0.26E-04    0.18E+04    0.00E+00


    0.27E-04    0.18E+04    0.00E+00


    0.28E-04    0.18E+04    0.00E+00


    0.29E-04    0.18E+04    0.00E+00


    0.30E-04    0.18E+04    0.00E+00


    0.31E-04    0.18E+04    0.00E+00


    0.31E-04    0.18E+04    0.00E+00


    0.32E-04    0.18E+04    0.00E+00


    0.33E-04    0.18E+04    0.00E+00


    0.34E-04    0.18E+04    0.00E+00


    0.35E-04    0.18E+04    0.00E+00


    0.36E-04    0.18E+04    0.00E+00


    0.36E-04    0.18E+04    0.00E+00


    0.37E-04    0.18E+04    0.00E+00


    0.38E-04    0.18E+04    0.00E+00


    0.39E-04    0.18E+04    0.00E+00


    0.40E-04    0.18E+04    0.00E+00


    0.41E-04    0.18E+04    0.00E+00


    0.42E-04    0.18E+04    0.00E+00


    0.42E-04    0.18E+04    0.00E+00


    0.43E-04    0.18E+04    0.00E+00


    0.44E-04    0.18E+04    0.00E+00


    0.45E-04    0.10E+06    0.30E-04


    0.46E-04    0.21E+08    0.12E+01


    0.47E-04    0.69E+09    0.13E+04


    0.47E-04    0.40E+10    0.37E+05


    0.48E-04    0.96E+10    0.18E+06


    0.49E-04    0.12E+11    0.25E+06


    0.50E-04    0.13E+11    0.27E+06


    0.51E-04    0.11E+11    0.19E+06


    0.52E-04    0.48E+10    0.45E+05


    0.52E-04    0.95E+09    0.21E+04


    0.53E-04    0.36E+08    0.30E+01


    0.54E-04    0.21E+06    0.10E-03


    0.55E-04    0.15E+03    0.25E-09


    0.55E-04    0.15E+03    0.00E+00


    0.56E-04    0.15E+03    0.00E+00


    0.57E-04    0.15E+03    0.00E+00


    0.58E-04    0.15E+03    0.00E+00


    0.59E-04    0.15E+03    0.00E+00


    0.59E-04    0.15E+03    0.00E+00


    0.60E-04    0.15E+03    0.00E+00


    0.61E-04    0.15E+03    0.00E+00


    0.62E-04    0.15E+03    0.00E+00


    0.63E-04    0.15E+03    0.00E+00


    0.63E-04    0.15E+03    0.00E+00


    0.64E-04    0.15E+03    0.00E+00


    0.65E-04    0.15E+03    0.00E+00


    0.66E-04    0.15E+03    0.00E+00


    0.66E-04    0.15E+03    0.00E+00


    0.67E-04    0.15E+03    0.00E+00


    0.68E-04    0.15E+03    0.00E+00


    0.69E-04    0.15E+03    0.00E+00


    0.70E-04    0.15E+03    0.00E+00


    0.70E-04    0.15E+03    0.00E+00


    0.71E-04    0.15E+03    0.00E+00


    0.72E-04    0.15E+03    0.00E+00


    0.73E-04    0.15E+03    0.00E+00


    0.74E-04    0.15E+03    0.00E+00


    0.74E-04    0.15E+03    0.00E+00


    0.75E-04    0.15E+03    0.00E+00


    0.76E-04    0.15E+03    0.00E+00


    0.77E-04    0.15E+03    0.00E+00


    0.77E-04    0.15E+03    0.00E+00


    0.78E-04    0.15E+03    0.00E+00


    0.79E-04    0.15E+03    0.00E+00


    0.80E-04    0.15E+03    0.00E+00


    0.81E-04    0.15E+03    0.00E+00


    0.81E-04    0.15E+03   -0.62E-10


    0.00E+00    0.18E+04    0.00E+00


    0.85E-06    0.18E+04    0.00E+00


    0.17E-05    0.18E+04    0.00E+00


    0.25E-05    0.18E+04    0.00E+00


    0.34E-05    0.18E+04    0.00E+00


    0.42E-05    0.18E+04    0.00E+00


    0.51E-05    0.18E+04    0.00E+00


    0.59E-05    0.18E+04    0.00E+00


    0.68E-05    0.18E+04    0.00E+00


    0.76E-05    0.18E+04    0.00E+00


    0.85E-05    0.18E+04    0.00E+00


    0.93E-05    0.18E+04    0.00E+00


    0.10E-04    0.18E+04    0.00E+00


    0.11E-04    0.18E+04    0.00E+00


    0.12E-04    0.18E+04    0.00E+00


    0.13E-04    0.18E+04    0.00E+00


    0.14E-04    0.18E+04    0.00E+00


    0.14E-04    0.18E+04    0.00E+00


    0.15E-04    0.18E+04    0.00E+00


    0.16E-04    0.18E+04    0.00E+00


    0.17E-04    0.18E+04    0.00E+00


    0.18E-04    0.18E+04    0.00E+00


    0.19E-04    0.18E+04    0.00E+00


    0.19E-04    0.18E+04    0.00E+00


    0.20E-04    0.18E+04    0.00E+00


    0.21E-04    0.18E+04    0.00E+00


    0.22E-04    0.18E+04    0.00E+00


    0.23E-04    0.18E+04    0.00E+00


    0.24E-04    0.18E+04    0.00E+00


    0.25E-04    0.18E+04    0.00E+00


    0.25E-04    0.18E+04    0.00E+00


    0.26E-04    0.18E+04    0.00E+00


    0.27E-04    0.18E+04    0.00E+00


    0.28E-04    0.18E+04    0.00E+00


    0.29E-04    0.18E+04    0.00E+00


    0.30E-04    0.18E+04    0.00E+00


    0.31E-04    0.18E+04    0.00E+00


    0.31E-04    0.18E+04    0.00E+00


    0.32E-04    0.18E+04    0.00E+00


    0.33E-04    0.18E+04    0.00E+00


    0.34E-04    0.18E+04    0.00E+00


    0.35E-04    0.18E+04    0.00E+00


    0.36E-04    0.18E+04    0.00E+00


    0.36E-04    0.18E+04    0.00E+00


    0.37E-04    0.18E+04    0.00E+00


    0.38E-04    0.18E+04    0.00E+00


    0.39E-04    0.18E+04    0.00E+00


    0.40E-04    0.18E+04    0.00E+00


    0.41E-04    0.18E+04    0.00E+00


    0.42E-04    0.18E+04    0.00E+00


    0.42E-04    0.18E+04    0.00E+00


    0.43E-04    0.18E+04    0.00E+00


    0.44E-04    0.18E+04    0.17E-07


    0.45E-04    0.55E+06    0.84E-03


    0.46E-04    0.62E+08    0.11E+02


    0.47E-04    0.12E+10    0.36E+04


    0.47E-04    0.51E+10    0.58E+05


    0.48E-04    0.11E+11    0.23E+06


    0.49E-04    0.14E+11    0.33E+06


    0.50E-04    0.16E+11    0.35E+06


    0.51E-04    0.13E+11    0.25E+06


    0.52E-04    0.61E+10    0.70E+05


    0.52E-04    0.16E+10    0.55E+04


    0.53E-04    0.10E+09    0.26E+02


    0.54E-04    0.11E+07    0.31E-02


    0.55E-04    0.62E+04    0.12E-06


    0.55E-04    0.15E+03    0.11E-16


    0.56E-04    0.15E+03    0.00E+00


    0.57E-04    0.15E+03    0.00E+00


    0.58E-04    0.15E+03    0.00E+00


    0.59E-04    0.15E+03    0.00E+00


    0.59E-04    0.15E+03    0.00E+00


    0.60E-04    0.15E+03    0.00E+00


    0.61E-04    0.15E+03    0.00E+00


    0.62E-04    0.15E+03    0.00E+00


    0.63E-04    0.15E+03    0.00E+00


    0.63E-04    0.15E+03    0.00E+00


    0.64E-04    0.15E+03    0.00E+00


    0.65E-04    0.15E+03    0.00E+00


    0.66E-04    0.15E+03    0.00E+00


    0.66E-04    0.15E+03    0.00E+00


    0.67E-04    0.15E+03    0.00E+00


    0.68E-04    0.15E+03    0.00E+00


    0.69E-04    0.15E+03    0.00E+00


    0.70E-04    0.15E+03    0.00E+00


    0.70E-04    0.15E+03    0.00E+00


    0.71E-04    0.15E+03    0.00E+00


    0.72E-04    0.15E+03    0.00E+00


    0.73E-04    0.15E+03    0.00E+00


    0.74E-04    0.15E+03    0.00E+00


    0.74E-04    0.15E+03    0.00E+00


    0.75E-04    0.15E+03    0.00E+00


    0.76E-04    0.15E+03    0.00E+00


    0.77E-04    0.15E+03    0.00E+00


    0.77E-04    0.15E+03    0.00E+00


    0.78E-04    0.15E+03    0.00E+00


    0.79E-04    0.15E+03    0.00E+00


    0.80E-04    0.15E+03    0.00E+00


    0.81E-04    0.15E+03    0.00E+00


    0.81E-04    0.15E+03   -0.87E-10


    0.00E+00    0.18E+04    0.00E+00


    0.85E-06    0.18E+04    0.00E+00


    0.17E-05    0.18E+04    0.00E+00


    0.25E-05    0.18E+04    0.00E+00


    0.34E-05    0.18E+04    0.00E+00


    0.42E-05    0.18E+04    0.00E+00


    0.51E-05    0.18E+04    0.00E+00


    0.59E-05    0.18E+04    0.00E+00


    0.68E-05    0.18E+04    0.00E+00


    0.76E-05    0.18E+04    0.00E+00


    0.85E-05    0.18E+04    0.00E+00


    0.93E-05    0.18E+04    0.00E+00


    0.10E-04    0.18E+04    0.00E+00


    0.11E-04    0.18E+04    0.00E+00


    0.12E-04    0.18E+04    0.00E+00


    0.13E-04    0.18E+04    0.00E+00


    0.14E-04    0.18E+04    0.00E+00


    0.14E-04    0.18E+04    0.00E+00


    0.15E-04    0.18E+04    0.00E+00


    0.16E-04    0.18E+04    0.00E+00


    0.17E-04    0.18E+04    0.00E+00


    0.18E-04    0.18E+04    0.00E+00


    0.19E-04    0.18E+04    0.00E+00


    0.19E-04    0.18E+04    0.00E+00


    0.20E-04    0.18E+04    0.00E+00


    0.21E-04    0.18E+04    0.00E+00


    0.22E-04    0.18E+04    0.00E+00


    0.23E-04    0.18E+04    0.00E+00


    0.24E-04    0.18E+04    0.00E+00


    0.25E-04    0.18E+04    0.00E+00


    0.25E-04    0.18E+04    0.00E+00


    0.26E-04    0.18E+04    0.00E+00


    0.27E-04    0.18E+04    0.00E+00


    0.28E-04    0.18E+04    0.00E+00


    0.29E-04    0.18E+04    0.00E+00


    0.30E-04    0.18E+04    0.00E+00


    0.31E-04    0.18E+04    0.00E+00


    0.31E-04    0.18E+04    0.00E+00


    0.32E-04    0.18E+04    0.00E+00


    0.33E-04    0.18E+04    0.00E+00


    0.34E-04    0.18E+04    0.00E+00


    0.35E-04    0.18E+04    0.00E+00


    0.36E-04    0.18E+04    0.00E+00


    0.36E-04    0.18E+04    0.00E+00


    0.37E-04    0.18E+04    0.00E+00


    0.38E-04    0.18E+04    0.00E+00


    0.39E-04    0.18E+04    0.00E+00


    0.40E-04    0.18E+04    0.00E+00


    0.41E-04    0.18E+04    0.00E+00


    0.42E-04    0.18E+04    0.00E+00


    0.42E-04    0.18E+04    0.00E+00


    0.43E-04    0.18E+04    0.00E+00


    0.44E-04    0.12E+05    0.42E-06


    0.45E-04    0.22E+07    0.14E-01


    0.46E-04    0.15E+09    0.62E+02


    0.47E-04    0.18E+10    0.81E+04


    0.47E-04    0.63E+10    0.85E+05


    0.48E-04    0.13E+11    0.29E+06


    0.49E-04    0.16E+11    0.41E+06


    0.50E-04    0.18E+11    0.43E+06


    0.51E-04    0.15E+11    0.32E+06


    0.52E-04    0.75E+10    0.10E+06


    0.52E-04    0.23E+10    0.12E+05


    0.53E-04    0.24E+09    0.14E+03


    0.54E-04    0.46E+07    0.50E-01


    0.55E-04    0.31E+05    0.23E-05


    0.55E-04    0.15E+03    0.82E-10


    0.56E-04    0.15E+03    0.00E+00


    0.57E-04    0.15E+03    0.00E+00


    0.58E-04    0.15E+03    0.00E+00


    0.59E-04    0.15E+03    0.00E+00


    0.59E-04    0.15E+03    0.00E+00


    0.60E-04    0.15E+03    0.00E+00


    0.61E-04    0.15E+03    0.00E+00


    0.62E-04    0.15E+03    0.00E+00


    0.63E-04    0.15E+03    0.00E+00


    0.63E-04    0.15E+03    0.00E+00


    0.64E-04    0.15E+03    0.00E+00


    0.65E-04    0.15E+03    0.00E+00


    0.66E-04    0.15E+03    0.00E+00


    0.66E-04    0.15E+03    0.00E+00


    0.67E-04    0.15E+03    0.00E+00


    0.68E-04    0.15E+03    0.00E+00


    0.69E-04    0.15E+03    0.00E+00


    0.70E-04    0.15E+03    0.00E+00


    0.70E-04    0.15E+03    0.00E+00


    0.71E-04    0.15E+03    0.00E+00


    0.72E-04    0.15E+03    0.00E+00


    0.73E-04    0.15E+03    0.00E+00


    0.74E-04    0.15E+03    0.00E+00


    0.74E-04    0.15E+03    0.00E+00


    0.75E-04    0.15E+03    0.00E+00


    0.76E-04    0.15E+03    0.00E+00


    0.77E-04    0.15E+03    0.00E+00


    0.77E-04    0.15E+03    0.00E+00


    0.78E-04    0.15E+03    0.00E+00


    0.79E-04    0.15E+03    0.00E+00


    0.80E-04    0.15E+03    0.00E+00


    0.81E-04    0.15E+03    0.00E+00


    0.81E-04    0.15E+03   -0.12E-09


    0.00E+00    0.18E+04    0.00E+00


    0.85E-06    0.18E+04    0.00E+00


    0.17E-05    0.18E+04    0.00E+00


    0.25E-05    0.18E+04    0.00E+00


    0.34E-05    0.18E+04    0.00E+00


    0.42E-05    0.18E+04    0.00E+00


    0.51E-05    0.18E+04    0.00E+00


    0.59E-05    0.18E+04    0.00E+00


    0.68E-05    0.18E+04    0.00E+00


    0.76E-05    0.18E+04    0.00E+00


    0.85E-05    0.18E+04    0.00E+00


    0.93E-05    0.18E+04    0.00E+00


    0.10E-04    0.18E+04    0.00E+00


    0.11E-04    0.18E+04    0.00E+00


    0.12E-04    0.18E+04    0.00E+00


    0.13E-04    0.18E+04    0.00E+00


    0.14E-04    0.18E+04    0.00E+00


    0.14E-04    0.18E+04    0.00E+00


    0.15E-04    0.18E+04    0.00E+00


    0.16E-04    0.18E+04    0.00E+00


    0.17E-04    0.18E+04    0.00E+00


    0.18E-04    0.18E+04    0.00E+00


    0.19E-04    0.18E+04    0.00E+00


    0.19E-04    0.18E+04    0.00E+00


    0.20E-04    0.18E+04    0.00E+00


    0.21E-04    0.18E+04    0.00E+00


    0.22E-04    0.18E+04    0.00E+00


    0.23E-04    0.18E+04    0.00E+00


    0.24E-04    0.18E+04    0.00E+00


    0.25E-04    0.18E+04    0.00E+00


    0.25E-04    0.18E+04    0.00E+00


    0.26E-04    0.18E+04    0.00E+00


    0.27E-04    0.18E+04    0.00E+00


    0.28E-04    0.18E+04    0.00E+00


    0.29E-04    0.18E+04    0.00E+00


    0.30E-04    0.18E+04    0.00E+00


    0.31E-04    0.18E+04    0.00E+00


    0.31E-04    0.18E+04    0.00E+00


    0.32E-04    0.18E+04    0.00E+00


    0.33E-04    0.18E+04    0.00E+00


    0.34E-04    0.18E+04    0.00E+00


    0.35E-04    0.18E+04    0.00E+00


    0.36E-04    0.18E+04    0.00E+00


    0.36E-04    0.18E+04    0.00E+00


    0.37E-04    0.18E+04    0.00E+00


    0.38E-04    0.18E+04    0.00E+00


    0.39E-04    0.18E+04    0.00E+00


    0.40E-04    0.18E+04    0.00E+00


    0.41E-04    0.18E+04    0.00E+00


    0.42E-04    0.18E+04    0.00E+00


    0.42E-04    0.18E+04    0.00E+00


    0.43E-04    0.18E+04    0.00E+00


    0.44E-04    0.59E+05    0.10E-04


    0.45E-04    0.72E+07    0.15E+00


    0.46E-04    0.30E+09    0.25E+03


    0.47E-04    0.25E+10    0.15E+05


    0.47E-04    0.76E+10    0.12E+06


    0.48E-04    0.15E+11    0.36E+06


    0.49E-04    0.18E+11    0.50E+06


    0.50E-04    0.20E+11    0.52E+06


    0.51E-04    0.17E+11    0.38E+06


    0.52E-04    0.89E+10    0.14E+06


    0.52E-04    0.32E+10    0.21E+05


    0.53E-04    0.47E+09    0.52E+03


    0.54E-04    0.15E+08    0.51E+00


    0.55E-04    0.14E+06    0.47E-04


    0.55E-04    0.15E+03    0.58E-09


    0.56E-04    0.15E+03    0.12E-17


    0.57E-04    0.15E+03    0.00E+00


    0.58E-04    0.15E+03    0.00E+00


    0.59E-04    0.15E+03    0.00E+00


    0.59E-04    0.15E+03    0.00E+00


    0.60E-04    0.15E+03    0.00E+00


    0.61E-04    0.15E+03    0.00E+00


    0.62E-04    0.15E+03    0.00E+00


    0.63E-04    0.15E+03    0.00E+00


    0.63E-04    0.15E+03    0.00E+00


    0.64E-04    0.15E+03    0.00E+00


    0.65E-04    0.15E+03    0.00E+00


    0.66E-04    0.15E+03    0.00E+00


    0.66E-04    0.15E+03    0.00E+00


    0.67E-04    0.15E+03    0.00E+00


    0.68E-04    0.15E+03    0.00E+00


    0.69E-04    0.15E+03    0.00E+00


    0.70E-04    0.15E+03    0.00E+00


    0.70E-04    0.15E+03    0.00E+00


    0.71E-04    0.15E+03    0.00E+00


    0.72E-04    0.15E+03    0.00E+00


    0.73E-04    0.15E+03    0.00E+00


    0.74E-04    0.15E+03    0.00E+00


    0.74E-04    0.15E+03    0.00E+00


    0.75E-04    0.15E+03    0.00E+00


    0.76E-04    0.15E+03    0.00E+00


    0.77E-04    0.15E+03    0.00E+00


    0.77E-04    0.15E+03    0.00E+00


    0.78E-04    0.15E+03    0.00E+00


    0.79E-04    0.15E+03    0.00E+00


    0.80E-04    0.15E+03    0.00E+00


    0.81E-04    0.15E+03    0.00E+00


    0.81E-04    0.15E+03   -0.15E-09


    0.00E+00    0.18E+04    0.00E+00


    0.85E-06    0.18E+04    0.00E+00


    0.17E-05    0.18E+04    0.00E+00


    0.25E-05    0.18E+04    0.00E+00


    0.34E-05    0.18E+04    0.00E+00


    0.42E-05    0.18E+04    0.00E+00


    0.51E-05    0.18E+04    0.00E+00


    0.59E-05    0.18E+04    0.00E+00


    0.68E-05    0.18E+04    0.00E+00


    0.76E-05    0.18E+04    0.00E+00


    0.85E-05    0.18E+04    0.00E+00


    0.93E-05    0.18E+04    0.00E+00


    0.10E-04    0.18E+04    0.00E+00


    0.11E-04    0.18E+04    0.00E+00


    0.12E-04    0.18E+04    0.00E+00


    0.13E-04    0.18E+04    0.00E+00


    0.14E-04    0.18E+04    0.00E+00


    0.14E-04    0.18E+04    0.00E+00


    0.15E-04    0.18E+04    0.00E+00


    0.16E-04    0.18E+04    0.00E+00


    0.17E-04    0.18E+04    0.00E+00


    0.18E-04    0.18E+04    0.00E+00


    0.19E-04    0.18E+04    0.00E+00


    0.19E-04    0.18E+04    0.00E+00


    0.20E-04    0.18E+04    0.00E+00


    0.21E-04    0.18E+04    0.00E+00


    0.22E-04    0.18E+04    0.00E+00


    0.23E-04    0.18E+04    0.00E+00


    0.24E-04    0.18E+04    0.00E+00


    0.25E-04    0.18E+04    0.00E+00


    0.25E-04    0.18E+04    0.00E+00


    0.26E-04    0.18E+04    0.00E+00


    0.27E-04    0.18E+04    0.00E+00


    0.28E-04    0.18E+04    0.00E+00


    0.29E-04    0.18E+04    0.00E+00


    0.30E-04    0.18E+04    0.00E+00


    0.31E-04    0.18E+04    0.00E+00


    0.31E-04    0.18E+04    0.00E+00


    0.32E-04    0.18E+04    0.00E+00


    0.33E-04    0.18E+04    0.00E+00


    0.34E-04    0.18E+04    0.00E+00


    0.35E-04    0.18E+04    0.00E+00


    0.36E-04    0.18E+04    0.00E+00


    0.36E-04    0.18E+04    0.00E+00


    0.37E-04    0.18E+04    0.00E+00


    0.38E-04    0.18E+04    0.00E+00


    0.39E-04    0.18E+04    0.00E+00


    0.40E-04    0.18E+04    0.00E+00


    0.41E-04    0.18E+04    0.00E+00


    0.42E-04    0.18E+04    0.00E+00


    0.42E-04    0.18E+04    0.00E+00


    0.43E-04    0.18E+04    0.83E-08


    0.44E-04    0.22E+06    0.13E-03


    0.45E-04    0.20E+08    0.11E+01


    0.46E-04    0.54E+09    0.79E+03


    0.47E-04    0.33E+10    0.26E+05


    0.47E-04    0.89E+10    0.16E+06


    0.48E-04    0.16E+11    0.43E+06


    0.49E-04    0.20E+11    0.59E+06


    0.50E-04    0.22E+11    0.60E+06


    0.51E-04    0.18E+11    0.45E+06


    0.52E-04    0.10E+11    0.18E+06


    0.52E-04    0.42E+10    0.35E+05


    0.53E-04    0.81E+09    0.15E+04


    0.54E-04    0.39E+08    0.37E+01


    0.55E-04    0.53E+06    0.67E-03


    0.55E-04    0.62E+04    0.98E-07


    0.56E-04    0.15E+03    0.46E-16


    0.57E-04    0.15E+03    0.00E+00


    0.58E-04    0.15E+03    0.00E+00


    0.59E-04    0.15E+03    0.00E+00


    0.59E-04    0.15E+03    0.00E+00


    0.60E-04    0.15E+03    0.00E+00


    0.61E-04    0.15E+03    0.00E+00


    0.62E-04    0.15E+03    0.00E+00


    0.63E-04    0.15E+03    0.00E+00


    0.63E-04    0.15E+03    0.00E+00


    0.64E-04    0.15E+03    0.00E+00


    0.65E-04    0.15E+03    0.00E+00


    0.66E-04    0.15E+03    0.00E+00


    0.66E-04    0.15E+03    0.00E+00


    0.67E-04    0.15E+03    0.00E+00


    0.68E-04    0.15E+03    0.00E+00


    0.69E-04    0.15E+03    0.00E+00


    0.70E-04    0.15E+03    0.00E+00


    0.70E-04    0.15E+03    0.00E+00


    0.71E-04    0.15E+03    0.00E+00


    0.72E-04    0.15E+03    0.00E+00


    0.73E-04    0.15E+03    0.00E+00


    0.74E-04    0.15E+03    0.00E+00


    0.74E-04    0.15E+03    0.00E+00


    0.75E-04    0.15E+03    0.00E+00


    0.76E-04    0.15E+03    0.00E+00


    0.77E-04    0.15E+03    0.00E+00


    0.77E-04    0.15E+03    0.00E+00


    0.78E-04    0.15E+03    0.00E+00


    0.79E-04    0.15E+03    0.00E+00


    0.80E-04    0.15E+03    0.00E+00


    0.81E-04    0.15E+03    0.00E+00


    0.81E-04    0.15E+03   -0.19E-09
